Person 1776.2449872493744 542.4919800460339 65.40173292160034 77.01504796743393
Person 1542.5584244728088 531.2155012786388 61.82079792022705 61.380644738674164
Person 1007.1888738870621 490.28421252965927 41.323853731155396 75.68536698818207
Person 1146.7407596111298 493.55845749378204 72.42431402206421 88.04468035697937
Person 1252.9342424869537 497.5112544000149 73.40502977371216 82.81695574522018
Person 876.7272448539734 508.10630455613136 54.223265647888184 90.81560879945755
Person 1118.0092549324036 481.3955844193697 41.429200172424316 49.03100743889809
Person 842.872531414032 482.5405430048704 39.299254417419434 37.250335067510605
Person 1269.3573153018951 508.48398707807064 63.39648485183716 62.35418602824211
Person 1187.7070623636246 507.12534829974174 46.417847871780396 60.68206876516342
Person 1659.6013873815536 381.74394629895687 34.21948313713074 52.820220440626144
