Orange 516.6174030303955 352.2213041782379 765.1052284240723 280.4525685310364
Orange 457.1430482593132 723.2005512714386 914.264030456543 713.4517407417297
Orange 1721.626968383789 979.8620438575745 393.695068359375 197.98101425170898
Orange 1366.7899417877197 811.2892949581146 430.3611946105957 438.0298590660095
Orange 1032.598958015442 169.94986474514008 311.84483528137207 227.23624885082245
Orange 1077.777042388916 316.09394431114197 354.35657501220703 330.31564950942993
Orange 1683.9351081848145 758.3435994386673 337.22156524658203 311.8846571445465
Orange 73.8640308380127 413.10509383678436 147.7280616760254 238.61586928367615
Orange 1438.6310577392578 275.2961853146553 305.6103515625 291.42308235168457
Orange 1349.008870124817 544.4600442051888 339.22791481018066 231.38486444950104
Orange 1517.987608909607 488.3774918317795 317.32752799987793 281.9641435146332
Pear 1088.2347536087036 526.7069801688194 251.2777805328369 228.3555668592453
