Building 960.0 539.1458666324615 1920.0 1078.291733264923
Person 1129.1027301549911 503.1867738068104 39.66687083244324 76.17367655038834
Person 1676.0540306568146 540.6111151725054 67.13598489761353 63.97903338074684
Person 1387.2102677822113 508.78469958901405 68.52453947067261 85.12490540742874
Person 1269.070222377777 501.32193982601166 70.10303020477295 82.65408396720886
Person 1001.3680797815323 499.03622701764107 44.68707203865051 48.203279078006744
Person 959.931560754776 485.4541703313589 41.84130907058716 60.03292724490166
Person 1240.7108223438263 498.97743433713913 49.924070835113525 67.86230742931366
Person 1311.2539064884186 514.829730167985 37.75805711746216 59.12262037396431
Person 447.18308687210083 303.92438247799873 80.17111301422119 61.84121757745743
Monitor 1344.1971963644028 511.877698302269 51.677244901657104 52.67672896385193
