Orange 1056.2463569641113 846.1977195739746 507.79850006103516 466.80041313171387
Orange 817.7621412277222 125.65601527690887 336.37965202331543 193.86181712150574
Orange 820.0669240951538 313.0456727743149 388.49616050720215 364.17324900627136
Orange 1256.7387914657593 254.1003879904747 325.14063835144043 301.90362095832825
Orange 1591.708574295044 996.9282960891724 652.3635292053223 162.29235649108887
Orange 455.51931381225586 277.2980573773384 355.7683753967285 347.63994097709656
Orange 1467.7684450149536 785.9080123901367 381.81824684143066 351.30170345306396
Orange 735.5623197555542 616.1450868844986 405.56788444519043 401.6223156452179
Orange 1102.4109935760498 577.5910413265228 383.99145126342773 298.85977506637573
Orange 1758.0123567581177 674.3388247489929 323.97522926330566 392.5169777870178
Orange 700.3466320037842 955.8317014575005 283.64336013793945 246.35394036769867
Pear 121.4214326441288 747.0104241371155 242.13237762451172 662.3866868019104
