Person 1648.2257902622223 538.8069628179073 64.59679841995239 61.477751433849335
Person 1361.5707099437714 507.0295934379101 68.11486959457397 84.32312339544296
Person 1105.4005962610245 502.3860217630863 38.05224537849426 77.57021695375443
Person 1243.3996188640594 500.6599397957325 68.30627202987671 80.97686916589737
Person 975.7892256975174 497.46935561299324 44.609495401382446 46.3446369767189
Person 936.5328401327133 480.0131759047508 41.313475370407104 64.89123523235321
Person 1214.5550465583801 495.37780590355396 42.002320289611816 65.00198498368263
Person 1262.1986013650894 497.24502369761467 53.617554903030396 75.59774726629257
Person 1284.8999565839767 512.3665932565928 33.362306356430054 55.1822192966938
Person 1044.452018737793 490.1871692016721 15.0970458984375 24.98440481722355
Building 961.1401285976171 539.7011467628181 1917.7198791503906 1076.6787385940552
Hat 1218.1224140524864 472.4157739430666 29.319092631340027 19.87170472741127
Monitor 1319.4400244951248 510.8210373669863 52.898679971694946 54.372680336236954
