Orange 1091.248483657837 844.821617603302 504.6742057800293 467.69957542419434
Orange 840.9739208221436 130.18145240843296 337.64997482299805 195.87049663066864
Orange 159.27254676818848 734.2336678504944 318.54509353637695 691.5326642990112
Orange 848.9282083511353 312.5157541036606 383.40062141418457 362.72640109062195
Orange 484.38228607177734 271.3066756725311 350.53035736083984 335.281480550766
Orange 1492.8676128387451 786.9107347726822 376.6029167175293 353.7295639514923
Orange 774.2203760147095 606.5122443437576 391.7526340484619 386.9419205188751
Orange 1130.9652042388916 572.8132921457291 381.9780921936035 290.7544720172882
Orange 1766.195969581604 674.0427249670029 306.88244819641113 391.7823851108551
Orange 771.1462068557739 958.3398431539536 213.33477973937988 240.09747862815857
Orange 1276.5239524841309 256.5592762827873 324.25792694091797 300.3021168708801
Orange 1601.1540412902832 996.714448928833 637.690544128418 164.00158882141113
Orange 1343.2453966140747 493.23581993579865 338.44971656799316 308.30204129219055
