Orange 282.72787330672145 727.8187680244446 563.976001739502 703.0661201477051
Orange 1198.4466361999512 837.4530798196793 483.6372756958008 475.63313126564026
Orange 939.1704797744751 313.02951514720917 371.82068824768066 343.03675532341003
Orange 1588.6169958114624 993.0258107185364 414.92274284362793 171.87054634094238
Orange 916.4120292663574 143.5226534307003 323.8578414916992 210.15322744846344
Orange 1341.5089702606201 259.8775523900986 318.1355094909668 298.47875118255615
Orange 321.41173638403416 387.9034924507141 636.9793510437012 363.7117266654968
Orange 1574.6481227874756 759.781853556633 359.7352409362793 314.0891110897064
Orange 1219.171371459961 560.1228278875351 367.3333740234375 271.9890296459198
Orange 914.2055010795593 973.8431587815285 171.39794826507568 209.99261677265167
Orange 900.1085758209229 560.9694296121597 339.5958137512207 301.36507630348206
Orange 1416.9120454788208 489.8447620868683 327.4581241607666 300.505793094635
Pear 577.5098276138306 252.74812817573547 342.66331672668457 286.07864141464233
