Orange 1081.269121170044 845.5967170000076 502.77700424194336 466.941100358963
Orange 841.9790554046631 311.82240039110184 383.86316299438477 364.9983823299408
Orange 835.8367824554443 127.09242269396782 335.5726432800293 192.27780640125275
Orange 1487.9370546340942 786.205238699913 376.19141578674316 352.82389998435974
Orange 763.0618143081665 609.7807198762894 396.9748020172119 388.64336371421814
Orange 1598.873462677002 996.7022582888603 642.2530746459961 163.9636892080307
Orange 1124.8222875595093 573.5396128892899 383.0321788787842 291.8507444858551
Orange 477.6535177230835 273.36760997772217 353.90210151672363 341.9384551048279
Orange 1764.7284507751465 673.5129028558731 310.54309844970703 392.2787654399872
Orange 150.5888557434082 734.7215831279755 301.1777114868164 690.5567693710327
Orange 1272.7258157730103 255.40956616401672 326.32092475891113 301.7981779575348
Orange 694.805645942688 958.8734230399132 354.8407459259033 239.77881610393524
Orange 1338.2666301727295 492.6966154575348 341.75817489624023 309.75117444992065
