Orange 687.6898097991943 714.7665917873383 872.1904563903809 726.1120462417603
Orange 715.894889831543 335.2971875667572 697.8276443481445 243.05033326148987
Orange 1108.8344192504883 982.3979464173317 329.6858596801758 194.4595366716385
Orange 1106.398572921753 171.9220045208931 296.8058967590332 193.9685958623886
Orange 1490.485897064209 1006.7327570915222 503.6026382446289 146.53448581695557
Orange 1173.1585550308228 322.9451161623001 331.30162239074707 305.9376847743988
Orange 1491.5143775939941 287.19771802425385 298.52062225341797 278.4459972381592
Orange 1457.908902168274 786.3272255659103 396.3826847076416 401.86686873435974
Orange 207.7983033657074 403.0917665362358 347.4800777435303 226.8232959508896
Orange 804.0118074417114 192.1230536699295 274.8856830596924 115.38935601711273
Orange 1743.1049251556396 743.5080009698868 311.84606552124023 288.82147908210754
Orange 1847.3957777023315 426.9498386979103 145.2085018157959 176.28967344760895
