Orange 1002.861442565918 309.06616508960724 370.2952194213867 337.0931303501129
Orange 1279.9997663497925 822.7109509706497 463.0173397064209 464.2103970050812
Orange 382.1892639901489 354.36632573604584 764.150218963623 308.58051896095276
Orange 364.3694558533025 715.1841795444489 728.7134170532227 729.6316409111023
Orange 1654.9969911575317 983.8111111521721 415.65979957580566 189.93755757808685
Orange 972.1254301071167 149.80034619569778 319.68981742858887 217.08608865737915
Orange 1630.299882888794 760.8273357152939 349.29285049438477 326.1944568157196
Orange 1389.5057201385498 262.04151570796967 313.73388290405273 296.092894077301
Orange 1846.4082384109497 992.137841284275 147.1834659576416 171.9755870103836
Orange 1282.128667831421 544.8419612646103 354.52795028686523 250.32293915748596
Pear 644.4464063644409 233.0287179350853 330.91212272644043 246.28264725208282
