Orange 570.9248185157776 720.8270537853241 910.3341865539551 716.8341565132141
Orange 624.8631191253662 342.7928298711777 730.8887100219727 259.14780378341675
Orange 1070.672550201416 169.97772619128227 304.74517822265625 209.59574103355408
Orange 135.7652235031128 406.7034950852394 271.5304470062256 226.51871502399445
Orange 1414.3694829940796 794.1497701406479 418.99523735046387 416.86140418052673
Orange 1063.4886503219604 982.9377382993698 324.1915798187256 192.868412733078
Orange 1468.3762693405151 279.99600291252136 301.22740745544434 284.95365858078003
Orange 1129.0290927886963 316.9622880220413 344.7492027282715 317.24725127220154
Orange 1716.9892930984497 746.3083881139755 325.7369327545166 299.980605840683
Orange 1752.7048873901367 971.2192341685295 333.7335205078125 215.9563583135605
Orange 767.1605157852173 195.26070713996887 296.7092227935791 135.52950024604797
Orange 1863.0354523658752 662.4243772029877 113.26977252960205 309.68435525894165
