Person 1784.7791826725006 556.5094015002251 115.12011766433716 99.39806878566742
Person 1730.5142050981522 547.9318016767502 49.838987588882446 92.92254567146301
Person 1890.4101186990738 562.8870856761932 58.226319551467896 98.11059236526489
Person 1448.336570262909 548.8967753201723 45.954222679138184 49.14282336831093
Person 1583.935348391533 548.0417266488075 59.95886206626892 66.53387367725372
Person 1445.6974107027054 527.5254207104445 39.28796410560608 55.38192853331566
Person 1519.2222368717194 544.9638063088059 22.884399890899658 23.193603828549385
Building 960.0 540.2546108386014 1920.0 1079.4907450675964
Burger 1467.602745294571 596.469150558114 55.28308153152466 48.719908744096756
Monitor 1849.33473944664 566.5612822026014 76.77441358566284 57.57189854979515
Ceiling Fan 1583.81933927536 225.37759065628052 184.99341487884521 69.0611743927002
