Orange 677.7233934402466 716.8170011043549 877.8353691101074 725.3582382202148
Orange 1102.6512050628662 172.11414992809296 297.49059677124023 196.40384316444397
Orange 705.8381080627441 334.92548167705536 699.7518539428711 242.01537609100342
Orange 1485.1047134399414 1007.1233323216438 502.349853515625 145.75330317020416
Orange 1102.7704238891602 981.899288892746 328.89862060546875 195.44220685958862
Orange 1167.2068977355957 322.9357177019119 328.75133514404297 304.92583751678467
Orange 1775.216703414917 967.1271461248398 288.99267196655273 222.86340594291687
Orange 199.52131032943726 400.873102247715 350.4086208343506 221.85791552066803
Orange 1739.712324142456 743.2595854997635 311.5858268737793 292.125746011734
Orange 800.4820489883423 192.64865532517433 278.0368137359619 116.09701663255692
Orange 1453.8763189315796 784.999805688858 399.56774711608887 404.13707971572876
Orange 1490.7204723358154 287.00978100299835 294.7199821472168 278.2153809070587
Orange 1846.7177438735962 425.9327530860901 146.56445503234863 178.61716032028198
