Orange 1066.7949771881104 846.1234652996063 508.9362144470215 465.6117653846741
Orange 823.347601890564 126.51250831782818 337.08277702331543 191.85331463813782
Orange 826.4020872116089 313.39779317379 388.15844535827637 364.2184388637543
Orange 463.2540464401245 276.78579300642014 350.6385326385498 347.8625428676605
Orange 743.1230449676514 607.600679397583 402.19099044799805 386.7004895210266
Orange 210.23943551816046 431.4324939250946 419.9886703491211 460.89245080947876
Orange 738.440272808075 955.4768371582031 230.73682308197021 246.89819812774658
Orange 1263.3613872528076 253.94199013710022 329.72082138061523 301.20465874671936
Orange 1759.0354871749878 674.2565882205963 321.9290828704834 392.1853280067444
Orange 1477.344045639038 788.0721688270569 381.9148063659668 354.4904851913452
Orange 1110.878620147705 575.0013953447342 381.54796600341797 294.6235477924347
Orange 1592.6099681854248 997.4962350726128 654.5208549499512 162.0260614156723
Orange 130.9953250363469 740.7119750976562 260.7505989074707 674.5992136001587
Orange 1329.3386936187744 493.4083557128906 339.0043830871582 312.199923992157
