Orange 560.5656838417053 719.2075574398041 916.5612030029297 717.1119260787964
Orange 614.0053367614746 343.02928000688553 732.8627586364746 260.27608573436737
Orange 1068.674054145813 170.06090819835663 307.3447895050049 212.73909151554108
Orange 131.30687871482223 408.3746346831322 262.49402046203613 231.251580119133
Orange 1749.7223711013794 972.6092085242271 339.6144962310791 214.7816151380539
Orange 761.9966125488281 195.2949133515358 300.23815155029297 138.54877173900604
Orange 1411.0709810256958 793.8083839416504 423.37952613830566 417.3440408706665
Orange 1713.7211894989014 748.6030125617981 328.1422233581543 301.82305812835693
Orange 1055.5975341796875 983.3950924873352 324.13158416748047 192.90417194366455
Orange 1467.7311658859253 279.5508313179016 299.6085262298584 284.46709513664246
Orange 1126.1881256103516 317.9512184858322 350.4555130004883 319.1561686992645
Orange 1860.7162535190582 664.5436656475067 118.08556795120239 307.9620552062988
