Orange 518.3415985107422 723.811901807785 934.7228622436523 711.2141346931458
Orange 1056.324405670166 171.42724558711052 306.0032272338867 218.85845482349396
Orange 1744.1965627670288 975.0952380895615 349.70080375671387 207.2524344921112
Orange 582.6591396331787 344.47429329156876 741.1498260498047 264.17583525180817
Orange 1396.5921449661255 797.6021111011505 422.7077579498291 416.89478158950806
Orange 1041.8490886688232 984.6744498610497 319.7083854675293 189.18767631053925
Orange 1704.6006059646606 752.184727191925 332.0082950592041 305.1828145980835
Orange 112.1752381324768 410.09790033102036 224.3504762649536 233.4504336118698
Orange 1374.4527339935303 539.7918820381165 335.01989364624023 223.56491088867188
Orange 1458.2712507247925 278.615081012249 303.02916526794434 288.23816299438477
Orange 1114.8987579345703 320.02348244190216 339.4757080078125 320.32058000564575
Pear 748.4020185470581 198.59852850437164 306.88422203063965 147.15774536132812
