Orange 505.92252373695374 723.7917852401733 935.1405143737793 709.4989156723022
Orange 570.1501178741455 348.1630200147629 750.0308990478516 271.3916480541229
Orange 1051.8784189224243 170.80471023917198 309.0277576446533 218.84595036506653
Orange 1738.449411392212 976.3364624977112 360.54651260375977 204.7941255569458
Orange 1391.3068771362305 801.8005353212357 429.404296875 420.26976227760315
Orange 105.2084733825177 410.1769343018532 209.74149227142334 235.89844286441803
Orange 1037.4411249160767 985.4302614927292 316.5969944000244 187.45245337486267
Orange 743.0250692367554 200.22653818130493 308.57176780700684 150.00816643238068
Orange 1104.727749824524 318.68714690208435 352.55467414855957 325.2640736103058
Orange 1700.4633808135986 753.9838725328445 330.49341201782227 307.0255243778229
Orange 1454.248251914978 279.06660944223404 302.56739616394043 289.5871961116791
Orange 1403.0541515350342 1027.3105372488499 453.4449577331543 104.75494176149368
