Orange 487.1023839712143 723.4698557853699 941.7382049560547 711.0118103027344
Orange 1733.5126304626465 976.2139284610748 369.05811309814453 205.4780888557434
Orange 559.4115400314331 349.31331753730774 749.9503326416016 272.0943760871887
Orange 1048.0089139938354 170.76521337032318 307.7723979949951 220.30068397521973
Orange 1385.066614151001 802.040324807167 427.7574348449707 419.3342936038971
Orange 1698.6068630218506 754.947327375412 332.2382926940918 307.15526819229126
Orange 99.09970549866557 414.4470861554146 197.2452735900879 237.62866079807281
Orange 1031.9058179855347 986.0503989458084 317.1243953704834 186.18359684944153
Orange 1449.7983026504517 278.74811589717865 304.00059700012207 289.4618618488312
Orange 1100.9822845458984 318.69166910648346 357.1445846557617 326.1690616607666
Orange 1393.100938796997 1030.1694153249264 447.6024055480957 98.74444931745529
Orange 1363.4584093093872 541.3436096906662 335.51087379455566 222.17345595359802
Orange 1677.448410987854 365.797718167305 177.32434272766113 170.4086673259735
