Person 1553.2542407512665 539.3640831112862 88.54125738143921 87.44982540607452
Person 1666.9731080532074 547.320591956377 71.13196134567261 90.49429088830948
Person 1257.2314077615738 532.8993947803974 45.017091035842896 50.940612852573395
Person 1219.5246970653534 527.3366609215736 34.873902797698975 39.49340879917145
Person 1388.9536893367767 530.3332328796387 39.66259717941284 62.06350564956665
Person 1246.1198276281357 515.0224750488997 26.970337629318237 55.90804919600487
Person 1495.842773616314 502.08831667900085 29.59570348262787 48.1695556640625
Person 714.3494617938995 341.4054465293884 72.50366449356079 61.7816162109375
Building 960.0 540.9471978899091 1920.0 1076.9008898735046
Monitor 1622.190613746643 549.728535041213 62.27551460266113 53.59356567263603
Bread 1269.4531166553497 579.7365416586399 51.647093296051025 46.077392399311066
Bread 1216.2730032205582 577.2702645510435 58.839722871780396 57.33001694083214
Ceiling Fan 1386.1810970306396 219.90811921656132 163.27062606811523 65.44424369931221
