Orange 168.53270530700684 732.4615108966827 337.0654106140137 695.0769138336182
Orange 1097.962417602539 844.7068566083908 503.096923828125 467.8132903575897
Orange 855.7773399353027 312.6780465245247 383.7678909301758 361.2508428096771
Orange 238.49673673510551 421.32296919822693 473.4122657775879 432.1767747402191
Orange 492.4838447570801 271.9543647766113 348.5101890563965 336.072496175766
Orange 847.9769325256348 130.46616822481155 335.6534957885742 193.2413899898529
Orange 1604.864444732666 997.2156009078026 630.271110534668 162.6899403333664
Orange 785.7744598388672 631.4197254180908 390.9181594848633 435.93574047088623
Orange 1500.815463066101 785.6886774301529 373.98619651794434 349.1317856311798
Orange 1282.0397472381592 256.85535192489624 323.9765739440918 300.3204309940338
Orange 1136.780891418457 570.8618080615997 378.15868377685547 289.34834003448486
Orange 1770.6631994247437 672.2192144393921 298.09618949890137 391.05571031570435
Orange 1351.8994045257568 493.1063497066498 336.2629508972168 309.24346446990967
Orange 694.9185419082642 961.1488080024719 386.8282413482666 234.65251922607422
