Orange 496.0012650489807 351.5350556373596 770.6888008117676 284.30036902427673
Orange 445.1725387573242 726.3433706760406 890.3450775146484 707.3133230209351
Orange 1356.778392791748 812.8425353765488 438.22643280029297 442.91548132896423
Orange 1024.9449348449707 164.80232879519463 309.7751998901367 223.4268468618393
Orange 1719.5319414138794 979.7635370492935 397.5783634185791 198.8256847858429
Orange 1068.0748987197876 314.19185042381287 354.3408679962158 327.8740131855011
Orange 1678.1476306915283 756.2599575519562 337.7940559387207 312.90300607681274
Orange 1432.1458625793457 272.54200994968414 309.31812286376953 292.3387885093689
Orange 707.2160625457764 201.3456067442894 315.3679847717285 164.901362657547
Orange 61.66023015975952 411.4705181121826 123.32046031951904 241.03149890899658
