Orange 548.8654375076294 350.1934254169464 752.750301361084 272.2044539451599
Orange 473.8590907305479 723.2693338394165 945.4610252380371 710.4243421554565
Orange 1045.447096824646 171.38083666563034 312.12389945983887 223.93174052238464
Orange 1728.9405870437622 978.3740454912186 379.0664005279541 201.23284935951233
Orange 1378.689250946045 807.0445221662521 433.26976776123047 429.05030608177185
Orange 1091.6549348831177 320.126656293869 348.05577278137207 322.4053645133972
Orange 1694.6138620376587 757.6195156574249 335.61902046203613 310.3665804862976
Orange 1030.52095413208 986.2492230534554 311.0028076171875 185.93365252017975
Orange 1448.576374053955 278.09205025434494 301.36425018310547 289.8341631889343
Orange 92.49774537049234 415.6289505958557 184.11696910858154 239.133460521698
Orange 1675.230975151062 365.528461933136 179.5316219329834 171.27187728881836
Orange 1360.345859527588 543.3985814452171 337.14832305908203 225.49972236156464
Orange 1833.2848620414734 417.6981809735298 173.43030452728271 185.83374559879303
Pear 730.6984519958496 201.79512351751328 310.70056915283203 154.80437457561493
