Orange 385.2906131744385 718.1705403327942 770.581226348877 723.6589193344116
Orange 1299.5247173309326 822.3835498094559 453.96886825561523 460.4211437702179
Orange 1017.5161600112915 310.20807802677155 365.11387825012207 334.24526810646057
Orange 395.1412868499756 353.0286383628845 790.2825736999512 304.0588939189911
Orange 984.4031953811646 153.86062994599342 318.00782203674316 219.63118851184845
Orange 1679.4762182235718 983.4156998991966 441.84496879577637 190.96643149852753
Orange 1639.9559497833252 757.5799423456192 348.3976936340332 322.803350687027
Orange 1295.6723499298096 545.4094818234444 352.3124885559082 247.93252766132355
Orange 1830.3033185005188 658.1704956293106 177.74767398834229 365.20785212516785
Orange 1398.719973564148 263.88460367918015 310.7797908782959 295.170042514801
Orange 1478.3038902282715 484.5369815826416 325.19336700439453 288.5723876953125
Orange 937.5899934768677 983.028721511364 320.0140857696533 193.48669946193695
Pear 661.1850786209106 229.32518541812897 324.47922706604004 236.86598539352417
