Building 961.2115182727575 541.8034251406789 1917.5769424438477 1076.393051147461
Person 1561.8363046646118 530.7124100625515 67.90966987609863 88.6707803606987
Person 1296.775313615799 525.6723046302795 45.123045444488525 79.43823337554932
Person 1880.7622468471527 563.8124839961529 77.18909025192261 69.1983613371849
Person 1426.3582849502563 527.8342401981354 84.69677925109863 78.58664274215698
Person 1467.67449259758 526.3522647321224 57.853639125823975 90.13030976057053
Person 1161.969124674797 520.6216983497143 43.109010457992554 48.66909831762314
Person 1128.4062194824219 515.989603176713 44.8260498046875 43.099275380373
Person 618.042676448822 333.07632856070995 75.2272367477417 60.70358142256737
Monitor 1517.2513890266418 534.4102697074413 58.159546852111816 53.12145799398422
