Building 960.0 539.2816293239594 1920.0 1078.5632586479187
Person 1527.035905122757 538.5067793726921 94.44702386856079 89.32858407497406
Person 1640.9263157844543 543.5216224193573 72.77868747711182 92.32873678207397
Person 1233.2731711864471 530.8884159475565 46.931397914886475 50.04299953579903
Person 1366.4038306474686 531.6506588459015 51.062132120132446 69.3916654586792
Person 1196.1135184764862 525.529076680541 36.291139125823975 39.18463155627251
Person 1467.3791205883026 500.55257365107536 30.715577602386475 50.59307903051376
Person 690.960978269577 339.4561491161585 74.65270757675171 61.41446068882942
Person 1211.83163523674 513.2915811985731 51.316773891448975 60.57586535811424
Monitor 1596.464227437973 547.8108065575361 60.06506681442261 56.692627519369125
Ceiling Fan 1355.6164598464966 217.11495995521545 177.3134708404541 68.06760907173157
