Orange 526.9319915771484 351.90724432468414 763.2414436340332 276.70902013778687
Orange 461.9110107421875 725.5731797218323 923.822021484375 706.7479348182678
Orange 1725.0409698486328 979.0630781650543 384.3585205078125 200.0068974494934
Orange 1372.5495958328247 809.7932982444763 427.51587867736816 433.3879852294922
Orange 1037.0628261566162 171.00720763206482 307.5017738342285 227.34977066516876
Orange 1082.587080001831 318.93340587615967 352.3077964782715 330.7230341434479
Orange 1687.4455833435059 758.0115956068039 334.92176055908203 310.9779632091522
Orange 80.1248574256897 415.0302493572235 160.2497148513794 239.1461420059204
Orange 1443.0759000778198 275.4516300559044 302.25646018981934 291.19616746902466
Orange 723.1271266937256 202.48438149690628 313.0894660949707 158.47593784332275
