Orange 603.0820512771606 718.7394690513611 898.6604118347168 719.7141408920288
Orange 646.4022731781006 337.4588817358017 721.5456390380859 249.176584482193
Orange 1076.3828372955322 980.6989815831184 317.8388786315918 196.70428812503815
Orange 150.72997653856874 404.7394099831581 300.30884742736816 225.00543415546417
Orange 1079.9094343185425 168.40525031089783 302.90797233581543 203.96429300308228
Orange 777.5888872146606 194.9485020339489 290.6052875518799 131.427643597126
Orange 1423.0689239501953 792.6973700523376 416.026611328125 413.0593729019165
Orange 1723.5093784332275 745.8013540506363 323.2188606262207 297.7392017841339
Orange 1475.1612997055054 281.2695264816284 300.67065238952637 283.6852204799652
Orange 1451.1211681365967 1014.0214039385319 481.70385360717773 130.2110579609871
Orange 1758.5829019546509 970.3223168849945 322.14245796203613 218.57683897018433
Orange 1136.9542121887207 318.19787979125977 340.77220916748047 311.9707238674164
