Person 1874.8184144496918 556.0287322103977 89.29419279098511 97.69766360521317
Person 1839.2496567964554 545.9256488084793 51.05615258216858 86.7881190776825
Person 1685.6469422578812 545.8003427088261 41.20324730873108 67.71020203828812
Person 1538.5114216804504 550.1147751510143 52.594971656799316 51.90081685781479
Person 976.3533425331116 361.5551159530878 69.28234577178955 58.017882853746414
Person 1541.7807930707932 533.0356784909964 42.078126668930054 65.08035108447075
Ceiling Fan 1681.9639348983765 219.62292060256004 186.46227836608887 71.27960532903671
Building 960.3132097050548 541.9634914118797 1919.373664855957 1076.0729885101318
Handbag 921.9003492593765 357.42357328534126 49.234009981155396 60.10559231042862
Bread 1561.6650080680847 599.7085013240576 56.418700218200684 51.37768551707268
