Person 1677.7197325229645 549.0792547166348 91.41991853713989 91.38983219861984
Person 1794.71120595932 556.9624547660351 76.14917278289795 94.97827380895615
Person 1632.5743407011032 541.432001888752 42.62426733970642 90.46389877796173
Person 1364.4288486242294 543.6098697781563 47.61731028556824 50.109742283821106
Person 1495.6068885326385 544.9028983712196 66.01281881332397 70.38132011890411
Person 815.7801353931427 351.8343298137188 73.11254739761353 60.19650310277939
Person 1326.1225819587708 537.3754095286131 36.985230445861816 40.445618480443954
Person 1359.9739533662796 528.1563446670771 45.16198754310608 64.50784161686897
Person 1432.4956128001213 538.5818433389068 20.563353896141052 23.077881261706352
Building 960.1277272682637 539.5267939567566 1919.7446823120117 1079.0535879135132
Monitor 1746.6225814819336 559.1620968282223 69.1607666015625 54.378051459789276
