Orange 1074.2910289764404 846.4036005735397 505.7211112976074 467.04956889152527
Orange 834.2786407470703 311.2627252936363 387.69298553466797 364.9941337108612
Orange 829.5856046676636 126.48346602916718 336.84576988220215 190.95580995082855
Orange 1482.9149293899536 788.1261777877808 379.82972145080566 357.3048734664917
Orange 1764.3241024017334 673.5397946834564 311.35168075561523 392.37361907958984
Orange 1119.3400955200195 575.5742830038071 380.03368377685547 296.57199025154114
Orange 757.5148344039917 621.4790511131287 398.8362407684326 413.0421853065491
Orange 1596.4510917663574 996.7958083748817 646.3274002075195 163.61224472522736
Orange 1267.523159980774 254.21436846256256 330.83985328674316 300.50466656684875
Orange 469.41903591156006 275.5415430665016 354.1746997833252 345.5994129180908
Orange 140.51558781793574 737.6074576377869 281.00666999816895 684.7851490974426
Orange 674.7772836685181 958.2070899009705 379.561243057251 243.03234100341797
Orange 1334.2819690704346 493.0588585138321 342.9594612121582 309.1189992427826
