Orange 532.607524394989 720.9815812110901 924.7681617736816 716.2531900405884
Orange 593.0661392211914 340.6473898887634 741.6308784484863 255.89529275894165
Orange 1402.3435592651367 796.5377354621887 421.087646484375 417.2692394256592
Orange 1060.6618738174438 169.74404007196426 304.79493141174316 213.57537746429443
Orange 118.60561609268188 407.033913731575 237.21123218536377 232.20354437828064
Orange 1747.2485446929932 974.4072595238686 342.8935432434082 208.36346447467804
Orange 1707.3623085021973 751.0748881101608 331.72130584716797 304.66412901878357
Orange 1118.0764245986938 319.39378559589386 342.2575092315674 319.4790315628052
Orange 1462.0630073547363 278.39631736278534 302.88013458251953 285.94889760017395
Orange 1047.5935220718384 983.1547477841377 324.6173572540283 191.8450266122818
Orange 1418.489327430725 1023.1344746053219 462.44702339172363 110.89562863111496
Orange 1541.2881660461426 487.0448899269104 309.47742462158203 273.573796749115
Egg 753.9313745498657 197.72448778152466 302.17949867248535 144.06042158603668
