Orange 1130.2061748504639 841.8783062696457 495.0142478942871 474.473580121994
Orange 208.1288370117545 726.3160765171051 413.0836772918701 707.3677825927734
Orange 884.9883270263672 311.8638727068901 378.4047317504883 355.5155289173126
Orange 821.5650987625122 576.3403862714767 372.8653049468994 332.0531094074249
Orange 871.0221719741821 135.44285014271736 332.1023654937744 205.2776312828064
Orange 1164.5712804794312 565.0683653354645 375.13941764831543 281.7270255088806
Orange 266.9209671020508 405.99245488643646 533.8419342041016 411.452397108078
Orange 1525.3620386123657 780.4253786802292 371.55369758605957 349.69562888145447
Orange 1302.4906969070435 255.9648236632347 321.8898868560791 301.9594645500183
Orange 1618.672685623169 992.5746202468872 601.1473274230957 173.39734554290771
Orange 832.8403687477112 962.4488693475723 184.19201374053955 232.56512761116028
Orange 1780.3813791275024 667.3081004619598 279.23718452453613 390.4386305809021
Orange 1371.6646528244019 492.05230593681335 335.36742210388184 309.0024518966675
Pear 522.6582670211792 264.50466871261597 345.73559761047363 320.32286524772644
