Building 960.6751668825746 539.9373650550842 1918.6494827270508 1079.8747301101685
Person 1765.6784284114838 544.9152982234955 74.67053174972534 64.84564304351807
Person 1200.1835471391678 508.91921907663345 45.070921182632446 75.62179863452911
Person 1460.914900302887 513.4007196128368 68.96374225616455 87.10397332906723
Person 1327.3190689086914 509.98382806777954 82.4871826171875 78.5512375831604
Person 1381.5733408927917 521.2611014395952 37.459959983825684 62.43472471833229
Person 1072.7717739343643 505.9069401025772 46.04113698005676 50.67562937736511
Person 1029.4133305549622 489.1785918921232 41.875061988830566 63.79821762442589
Person 1300.8173990249634 506.16876125335693 61.05053901672363 73.89693975448608
Person 1351.432952284813 499.73940163850784 52.213743925094604 70.4635888338089
Person 521.7505037784576 314.5357371121645 75.80828905105591 61.717255264520645
