Person 1758.2166373729706 555.864355713129 74.22143697738647 93.86965781450272
Person 1646.586195230484 549.2620740830898 88.87475252151489 89.02978867292404
Person 1467.4511396884918 546.8015724420547 62.85729646682739 81.41226410865784
Person 1598.053634762764 540.3726795315742 38.82653832435608 89.07788336277008
Person 1336.0157704353333 540.6265928596258 43.807740211486816 47.92639061808586
Person 1331.5491485595703 519.9612714350224 42.421875 52.446716129779816
Person 1298.8020014762878 535.6113696098328 35.680174827575684 38.77154588699341
Person 788.2142686843872 349.1740143299103 72.92492866516113 59.53216552734375
Building 960.0360394385643 539.7291927156039 1919.9279022216797 1078.7031412124634
Monitor 1712.1492683887482 558.310471996665 66.20947122573853 53.15161272883415
Ceiling Fan 1465.9741115570068 224.00961980223656 170.82189559936523 65.54026812314987
