Person 1826.4745330810547 553.3187891542912 84.2596435546875 65.83984404802322
Person 1509.8515927791595 519.9442930519581 66.33923292160034 87.7970615029335
Person 1247.6113432645798 514.6534104645252 43.67712378501892 72.21145302057266
Person 1366.63991689682 517.9562330245972 98.89453411102295 85.62795639038086
Person 1116.183380484581 513.0021218955517 42.10400462150574 47.88097947835922
Person 1416.2000584602356 516.7149040102959 62.526612281799316 89.3645042181015
Person 1079.013152718544 497.58866496384144 41.99816823005676 60.781432539224625
Person 1182.2741550207138 506.29101164638996 15.784424543380737 26.881346851587296
Person 1431.5150141716003 525.8650656044483 60.787596702575684 71.92132383584976
Building 960.573382973671 540.0131707215041 1918.8533020019531 1079.9736070632935
Ceiling Fan 1237.218153476715 204.2780812829733 160.84606647491455 66.02357670664787
Monitor 1466.393791437149 525.3099388629198 56.95849657058716 54.14547577500343
Hat 1347.066535949707 490.23887380957603 32.34375 24.359497725963593
