Orange 697.0582580566406 713.2203841209412 872.0272636413574 731.9808053970337
Orange 1109.7075033187866 981.6002520918846 334.38963890075684 195.25328814983368
Orange 726.1619281768799 333.1787118315697 694.1690826416016 238.05635511875153
Orange 1176.3427591323853 322.4824833869934 332.6410388946533 306.2308394908905
Orange 1108.680853843689 172.0687910914421 293.0177593231201 191.60504400730133
Orange 1497.683629989624 1004.8991721868515 504.49132919311523 150.20159125328064
Orange 1496.1469459533691 287.4551457166672 292.87708282470703 277.3709034919739
Orange 218.32780122756958 400.9771692752838 344.62915420532227 222.374267578125
Orange 808.3662128448486 191.7960226535797 273.2145881652832 113.22354197502136
Orange 1463.3662605285645 782.8315776586533 393.55785369873047 395.75220465660095
Orange 1745.1235914230347 743.3757787942886 313.1674861907959 287.77129769325256
Orange 1849.8907470703125 428.3195033669472 140.218505859375 174.09365236759186
Orange 146.97945356369019 299.43258225917816 239.442458152771 99.67653036117554
