Orange 377.0725434087217 719.2760181427002 752.9124641418457 720.6317138671875
Orange 1292.1158266067505 821.9673943519592 454.81690406799316 462.96043395996094
Orange 388.3370529860258 349.95374858379364 771.5352630615234 299.2905914783478
Orange 1660.6478261947632 983.7955409288406 427.40321159362793 190.24579167366028
Orange 978.526668548584 153.86571541428566 319.5143508911133 223.4247386455536
Orange 1010.5883932113647 310.5974864959717 364.42328453063965 336.0774850845337
Orange 1394.5692729949951 262.85707354545593 312.7192497253418 294.2937648296356
Orange 1634.9426794052124 757.5739878416061 348.92786979675293 321.8203103542328
Orange 1471.6326999664307 484.16590332984924 323.8871955871582 288.8638687133789
Orange 1289.3572282791138 544.2942515015602 350.32776832580566 247.74893581867218
Orange 1830.386688709259 659.0990120172501 178.38659763336182 367.8381335735321
Pear 653.0806016921997 232.4640941619873 327.28428840637207 245.22372722625732
