Orange 431.65088653564453 722.7708613872528 863.3017730712891 713.4955787658691
Orange 471.253080368042 348.83282124996185 776.5530967712402 286.3602411746979
Orange 1341.8361711502075 813.4434574842453 441.3076114654541 444.936021566391
Orange 1708.871512413025 980.8550137281418 418.45301628112793 196.1937940120697
Orange 1057.4236679077148 313.12840819358826 356.6510009765625 332.77183413505554
Orange 1015.6030797958374 162.23071932792664 311.81342124938965 225.60399055480957
Orange 1670.3649473190308 754.8610997200012 336.5079402923584 313.2527446746826
Orange 1425.7876825332642 270.1058855652809 307.64416694641113 294.38395142555237
Orange 697.3259210586548 201.48223042488098 320.5612277984619 171.21547043323517
Orange 1331.1790037155151 541.8230921030045 345.4672908782959 234.99688267707825
Orange 1505.196189880371 484.2259472608566 318.0047607421875 284.44533705711365
Orange 47.9094135761261 403.20671260356903 95.8188271522522 241.63393378257751
