Adult 1220.1758480072021 541.9530224986374 789.4898414611816 1076.0939741134644
Male 1220.1758480072021 541.9530224986374 789.4898414611816 1076.0939741134644
Man 1220.1758480072021 541.9530224986374 789.4898414611816 1076.0939741134644
Person 1220.1758480072021 541.9530224986374 789.4898414611816 1076.0939741134644
Orange 68.49993045441806 831.8604728579521 136.2563180923462 123.12969624996185
Orange 88.04144136607647 982.614927738905 172.34713554382324 128.31506341695786
Orange 143.13479661941528 879.0281429886818 156.29120349884033 133.44769299030304
Orange 398.67758989334106 986.7334489524364 146.24706745147705 134.27948087453842
Orange 260.89024543762207 1052.651488110423 143.68220329284668 54.60204944014549
Handbag 1121.197543144226 913.4603601694107 299.4254207611084 333.07921528816223
