Building 960.0 540.1308416761458 1920.0 1079.1307067871094
Person 1093.8220059871674 502.9227317869663 40.88024854660034 74.02133256196976
Person 1634.9145877361298 537.8990015387535 64.00878667831421 62.064422965049744
Person 1348.6769485473633 506.1936454474926 68.525390625 83.62737983465195
Person 1219.3165504932404 500.7172639667988 79.68237161636353 80.38360744714737
Person 963.5344237089157 496.80163241922855 45.47521948814392 46.25268414616585
Person 1247.6903146505356 497.54440650343895 52.041624784469604 78.7882348895073
Person 924.4653135538101 479.18333530426025 42.752076387405396 64.56780910491943
Person 1194.7878098487854 498.9965330064297 71.94836139678955 72.00705260038376
Person 1264.2085111141205 502.3028115928173 54.19018507003784 78.10674995183945
Person 1276.2039023637772 511.5656601637602 42.692381143569946 64.78286728262901
Ceiling Fan 1083.9827299118042 188.26995447278023 163.58771324157715 62.30261117219925
Hat 1208.4043890237808 472.8371224924922 34.274293184280396 23.19662533700466
