Orange 317.8839571494609 716.2519347667694 635.3997802734375 726.8017387390137
Orange 1233.7162113189697 834.0345668792725 472.7398109436035 477.018985748291
Orange 604.8606777191162 244.07432287931442 334.987735748291 264.35352087020874
Orange 964.1566944122314 312.4959594011307 369.4764518737793 343.52293252944946
Orange 938.7257480621338 147.57679760456085 324.80878829956055 214.00912284851074
Orange 1610.51992893219 991.0508626699448 426.13171577453613 176.97741866111755
Orange 1596.1648035049438 766.374004483223 353.22827339172363 326.6267216205597
Orange 1360.604739189148 260.8397841453552 317.98888206481934 296.2962484359741
Orange 344.5296502094425 381.20050728321075 689.0530586242676 346.95037722587585
Orange 936.2917757034302 554.6425116062164 320.3253650665283 289.2022776603699
Orange 1812.1751546859741 662.669557929039 213.46117973327637 379.926677942276
Orange 1244.6742296218872 554.7999599575996 357.83692359924316 262.92719185352325
Orange 1829.0652966499329 997.2308653593063 181.86937808990479 165.5383336544037
Orange 952.2748732566833 978.1643342971802 162.00469493865967 201.63250923156738
