Orange 1048.1347274780273 846.8243104219437 509.4686508178711 465.5582392215729
Orange 812.8810930252075 314.17726188898087 391.5570545196533 362.15975761413574
Orange 726.9832849502563 625.7366824150085 413.67894172668457 419.0527582168579
Orange 810.9640502929688 125.81336103379726 337.6308059692383 193.64782512187958
Orange 1096.0358333587646 578.9745140075684 382.353572845459 303.09011220932007
Orange 1462.3576498031616 786.4759111404419 382.91590690612793 348.4293794631958
Orange 448.73029232025146 278.4731063246727 356.24876976013184 350.6379532814026
Orange 196.62149906158447 437.6691448688507 393.24299812316895 468.96592140197754
Orange 1586.4391422271729 1000.1747962832451 658.2142066955566 156.54547154903412
Orange 703.0191278457642 955.7733231782913 260.7241916656494 246.1254322528839
Orange 1251.7961311340332 253.37554782629013 327.68360137939453 301.01926445961
Orange 1755.17098903656 673.9975994825363 329.65807914733887 393.3932554721832
Orange 1056.351420879364 321.9956946372986 152.68445491790771 224.1528296470642
