Orange 953.825798034668 313.73682975769043 377.9150390625 343.9153504371643
Orange 1221.6300344467163 835.0984436273575 479.05543327331543 475.93916058540344
Orange 306.8947219848633 717.4211740493774 613.7894439697266 725.1575875282288
Orange 930.9203195571899 146.24539464712143 326.4591693878174 211.50737822055817
Orange 1605.8314561843872 991.4306232333183 422.61597633361816 175.21441876888275
Orange 1354.3924856185913 261.5313273668289 317.42274284362793 299.0270805358887
Orange 1590.0945854187012 765.6591260433197 355.48267364501953 325.8798336982727
Orange 1825.641496181488 997.6457414031029 188.71692180633545 164.70854938030243
Orange 924.0380573272705 555.6093299388885 326.48168563842773 289.0670943260193
Orange 1236.7309427261353 554.8437577486038 360.33825874328613 263.52816224098206
Pear 595.190634727478 247.55755484104156 339.7836399078369 272.1229898929596
