Adult 1213.2798099517822 542.4423177726567 801.6744804382324 1075.1155042648315
Male 1213.2798099517822 542.4423177726567 801.6744804382324 1075.1155042648315
Man 1213.2798099517822 542.4423177726567 801.6744804382324 1075.1155042648315
Person 1213.2798099517822 542.4423177726567 801.6744804382324 1075.1155042648315
Orange 87.29054443538189 981.7754593491554 171.02429866790771 128.36969196796417
Orange 67.93471442302689 830.6881718337536 135.6450319290161 123.5078153014183
Orange 50.20018328446895 501.30016565322876 100.14088153839111 90.54187059402466
Orange 397.4395537376404 985.7432350516319 148.18063259124756 134.84191596508026
Orange 82.72653222084045 450.3504279255867 138.55779647827148 110.59533655643463
Orange 142.09045886993408 878.9321386814117 155.88509559631348 134.8928189277649
Orange 259.4686818122864 1051.897575482726 141.07533931732178 55.847715586423874
