Orange 483.6248445510864 350.4716616868973 772.016544342041 285.67705035209656
Orange 439.3009228259325 722.5482594966888 876.9089126586914 712.9879975318909
Orange 1348.9057302474976 813.1646740436554 441.32105827331543 444.41643476486206
Orange 1715.0361728668213 979.8296481370926 405.5229377746582 198.20178151130676
Orange 1020.7975244522095 163.12825217843056 314.56292152404785 223.99382829666138
Orange 1674.0921592712402 755.7785600423813 338.45935821533203 314.54809069633484
Orange 1060.5295372009277 314.02055382728577 358.61766815185547 333.0316114425659
Orange 55.156002044677734 407.9117766022682 110.31200408935547 238.97128880023956
Orange 703.0366373062134 200.148566365242 315.3493595123291 166.011523604393
Orange 992.2483491897583 984.7663503885269 317.42932319641113 189.83251690864563
Orange 1428.286828994751 271.6143062710762 307.85974502563477 294.8621141910553
