Orange 613.8827276229858 718.4156405925751 898.4194564819336 720.971667766571
Orange 658.2394695281982 337.2258675098419 719.260082244873 248.39953780174255
Orange 1082.4937677383423 169.65460181236267 302.27837562561035 203.60174417495728
Orange 1076.330065727234 978.55728328228 323.12132835388184 200.80071330070496
Orange 155.27149331755936 403.5446387529373 309.9557304382324 223.15044522285461
Orange 1453.7701606750488 1012.6504960656166 488.45226287841797 132.60131657123566
Orange 1428.2751846313477 788.9259320497513 412.877197265625 410.62925934791565
Orange 1725.804362297058 745.1142686605453 323.72374534606934 296.4982831478119
Orange 780.8536291122437 194.6228590607643 288.2003688812256 130.43959021568298
Orange 1477.062635421753 281.9663643836975 299.3726921081543 283.69001626968384
Orange 1144.532675743103 320.4946446418762 339.69202995300293 316.1976170539856
Orange 1761.429147720337 969.0663430094719 316.5812873840332 221.82434499263763
Tape 83.3499644882977 530.1847323775291 165.09545803070068 198.76773297786713
