Building 962.3759745061398 540.2749744313769 1915.2480697631836 1079.3034839630127
Person 1310.901283621788 526.420528292656 47.55139231681824 80.15100359916687
Person 1576.032553911209 532.4341388046741 69.93383646011353 89.63915973901749
Person 1174.5202946662903 521.8652100116014 44.161133766174316 49.33758392930031
Person 1459.3499743938446 528.8696922361851 86.95922613143921 88.13891440629959
Person 1891.7970961332321 568.4550900757313 54.72387671470642 68.21472555398941
Person 1142.8925782442093 517.0749724656343 39.60473656654358 42.37322822213173
Person 1401.0731881856918 491.77612356841564 41.390379667282104 51.67758330702782
Person 1405.8574372529984 526.7966718971729 47.76391625404358 66.31366163492203
Person 1153.4022438526154 505.6825518608093 30.296995639801025 57.46340990066528
Monitor 1530.7245254516602 535.5355844646692 57.7862548828125 52.42367461323738
