Orange 338.6789908166975 720.4881298542023 676.9781112670898 718.1001162528992
Orange 980.9795665740967 312.58069038391113 372.2288703918457 340.6743621826172
Orange 1255.195083618164 830.3277915716171 462.3577880859375 472.6433265209198
Orange 952.8824758529663 150.5972519516945 321.76451683044434 218.57001543045044
Orange 1629.32936668396 983.8667777180672 423.27672958374023 190.4503208398819
Orange 621.7766761779785 239.84972298145294 334.63903427124023 256.757875084877
Orange 1373.448314666748 263.87369245290756 316.65149688720703 299.9560797214508
Orange 985.6872367858887 979.575052857399 137.72735595703125 198.42657208442688
Orange 1611.1688661575317 763.0210715532303 349.86817359924316 327.0846712589264
Orange 1837.760009765625 995.3535711765289 164.326171875 166.97478532791138
Orange 359.0887641906738 368.2248705625534 718.1775283813477 324.07745361328125
Orange 958.6376523971558 546.6896921396255 313.4659481048584 274.4160211086273
Orange 1259.811201095581 550.6430724263191 358.3894157409668 255.85555851459503
