Person 1842.2391736507416 560.1691120862961 105.42126417160034 97.70217776298523
Person 1794.396629333496 549.7592349350452 50.518798828125 90.49899011850357
Person 1643.9290702342987 553.3925887942314 60.741212368011475 76.86242759227753
Person 1499.618781208992 552.5776827335358 44.640623331069946 48.60272169113159
Person 1499.5979690551758 534.3788335472345 42.10693359375 63.14062312245369
Person 943.7908565998077 360.66853255033493 70.85388422012329 58.48599135875702
Person 1573.6317059397697 546.8300031870604 20.017699599266052 22.326416820287704
Ceiling Fan 1643.8357400894165 225.41481032967567 188.83801460266113 69.8360887169838
Monitor 1898.348114490509 572.9415694624186 41.696534156799316 60.58459594845772
Bread 1523.0630028247833 600.3241065144539 56.080076694488525 50.2792364358902
