Orange 1029.3186664581299 846.9247645139694 510.45907974243164 465.38758635520935
Orange 800.8556413650513 311.85426503419876 387.38476753234863 371.0105323791504
Orange 799.9076843261719 123.20266105234623 340.0679397583008 190.90662896633148
Orange 710.8646392822266 625.4747325181961 411.9679641723633 424.965580701828
Orange 1083.5907697677612 581.5163469314575 387.02765464782715 306.7026615142822
Orange 432.4929428100586 278.46965432167053 358.3070755004883 353.57075572013855
Orange 1451.4675951004028 787.2202724218369 388.5073184967041 351.77976965904236
Orange 632.9010772705078 954.5504209399223 370.52112579345703 249.68163907527924
Orange 1447.4612617492676 1001.8501603603363 412.25086212158203 153.43469381332397
Orange 1242.7439403533936 253.7791022658348 332.4470329284668 304.44403767585754
Orange 1748.198847770691 1010.771190226078 331.0715389251709 138.45758736133575
Orange 1510.0215196609497 351.506305038929 213.7276554107666 192.6897293329239
