Orange 1016.3053894042969 847.2153282165527 515.6074905395508 463.9377450942993
Orange 789.234209060669 120.81346057355404 339.9920082092285 187.38082230091095
Orange 785.2729511260986 311.0532635450363 395.203914642334 368.9167356491089
Orange 418.75176429748535 276.9162207841873 359.41967010498047 352.4208605289459
Orange 689.8891067504883 638.976554274559 422.1514892578125 447.09110140800476
Orange 1430.9995365142822 1002.3006266355515 408.8444709777832 151.99103236198425
Orange 1439.1717195510864 791.2446480989456 389.85840797424316 358.5543215274811
Orange 1233.0387210845947 251.00133419036865 327.4907112121582 304.10730242729187
Orange 1073.3355617523193 583.3557254076004 388.88769149780273 311.74129843711853
Orange 1740.6025743484497 1011.7641440033913 325.6655216217041 136.4716798067093
Orange 612.6034212112427 952.6039177179337 376.16583824157715 253.86590123176575
Orange 1745.3010034561157 673.952329158783 349.39793586730957 395.5418658256531
Orange 1295.811266899109 495.8868134021759 342.4277400970459 320.3754258155823
Orange 1885.3531336784363 928.3948838710785 69.23058986663818 281.04737520217896
Orange 1036.704626083374 320.572769343853 159.00506973266602 231.21977984905243
Orange 1569.232099056244 542.4173918366432 230.51269054412842 217.93753445148468
