Person 1794.2680299282074 543.9788357913494 62.86108732223511 75.72958320379257
Person 1554.6712338924408 532.8019078820944 61.31664991378784 60.83514377474785
Person 1018.9997398853302 491.8141297996044 40.714781284332275 76.27289146184921
Person 1165.221083164215 493.31158697605133 76.72924518585205 86.99288964271545
Person 889.3279230594635 488.63677628338337 47.94421434402466 50.04507556557655
Person 1265.0572800636292 498.9974181354046 69.40868854522705 81.54336780309677
Person 851.5911018848419 484.4771368056536 42.849791049957275 39.4381083548069
Person 1279.8260271549225 508.7329939752817 60.58215379714966 64.84332159161568
Person 1127.7087020874023 488.87330286204815 49.654541015625 63.256196826696396
Person 1673.7859958410263 382.52978794276714 33.02380442619324 52.15017780661583
Person 1507.2070008516312 523.0623560026288 27.42456078529358 25.175689235329628
Person 324.86239314079285 283.39092917740345 81.75302267074585 66.26855626702309
Hat 1133.936088681221 465.92438388615847 31.41626000404358 18.61331082880497
