Orange 655.2304601669312 715.0386965274811 888.0820083618164 729.358184337616
Orange 1097.0027303695679 169.69328999519348 301.98718070983887 196.43688261508942
Orange 690.3803730010986 335.2241402864456 705.7016372680664 243.40457797050476
Orange 1097.2207832336426 979.4858479499817 325.62000274658203 199.31005954742432
Orange 181.00495666265488 401.73549950122833 347.9120063781738 224.01091933250427
Orange 1472.0674324035645 1008.2503026723862 499.4754409790039 142.80139803886414
Orange 1161.7648601531982 322.6935464143753 332.8919792175293 312.4520409107208
Orange 1447.7689361572266 786.2388253211975 402.366943359375 403.6851167678833
Orange 1486.0579204559326 285.44392347335815 295.3480339050293 278.49456667900085
Orange 1769.4417428970337 967.0705220103264 300.97020149230957 224.15606439113617
