Orange 547.3870825767517 720.707802772522 922.9008865356445 716.6449642181396
Orange 1064.9210500717163 169.81899037957191 304.9743175506592 212.78070867061615
Orange 605.1320600509644 339.377036690712 738.3922576904297 256.20264172554016
Orange 1748.6214351654053 972.8251075744629 341.7286491394043 212.97863960266113
Orange 124.877028465271 408.25280874967575 249.754056930542 233.30102384090424
Orange 1407.456293106079 796.8353801965714 422.9985237121582 419.34098839759827
Orange 1464.2057418823242 278.4366309642792 301.8511962890625 285.5063331127167
Orange 1711.7468976974487 749.7654283046722 329.33959007263184 302.5093388557434
Orange 1050.9747648239136 983.5735183954239 322.8639507293701 192.85289883613586
Orange 1122.6887798309326 315.27951300144196 345.08222579956055 324.24891114234924
Orange 759.1141891479492 196.2096780538559 300.9383010864258 141.0691201686859
Orange 1424.5317935943604 1021.2408699095249 469.52356338500977 115.02411156892776
Orange 1861.654679775238 663.269305229187 116.31885051727295 317.5669598579407
