Person 1811.8196940422058 558.7323626875877 112.65222072601318 97.93197333812714
Person 1760.784080028534 548.9707379043102 50.628905296325684 93.01946729421616
Person 1473.2868200540543 551.1277831345797 52.271729707717896 48.48711982369423
Person 1614.3570864200592 547.2114957869053 55.25561571121216 69.83373910188675
Person 1907.5284576416016 584.4974713772535 24.3914794921875 50.404478162527084
Person 918.8732206821442 359.77743498981 72.05285310745239 59.45059284567833
Person 1435.4239583015442 544.5742801576853 31.327271461486816 42.114625722169876
Building 960.4653259925544 540.749678844586 1919.0693664550781 1078.001925945282
Ceiling Fan 1607.2194528579712 228.67931082844734 197.34509468078613 72.84095674753189
Monitor 1881.307100057602 568.6708563566208 75.56860685348511 57.871888875961304
