Building 962.2474966943264 540.0 1915.5048751831055 1080.0
Person 1842.745896577835 555.1309941709042 87.01843500137329 69.84765976667404
Person 1523.2878041267395 523.3666764199734 67.65722751617432 88.24102610349655
Person 1380.0491881370544 519.0179935097694 92.69824504852295 83.44485819339752
Person 1260.942901968956 517.9835191369057 45.30651926994324 76.68472588062286
Person 1127.2784811258316 515.2252218872309 42.893067598342896 48.429779559373856
Person 1424.971067905426 517.4138943850994 61.76952838897705 87.4342069029808
Person 1090.0189822912216 509.74609449505806 43.56701731681824 45.658935606479645
Person 1099.5575255155563 498.0193204432726 34.89904761314392 57.72564545273781
Person 1481.3250267505646 508.7190230190754 59.037230014801025 86.86526209115982
Ceiling Fan 1243.4389328956604 207.64033824205399 164.38549518585205 68.18301379680634
Monitor 1480.0727999210358 526.0243143886328 57.05920457839966 55.02609059214592
