Adult 1493.293046951294 229.0356758236885 312.24512100219727 455.5255115032196
Adult 881.2611865997314 120.74192404747009 838.7927627563477 239.37104523181915
Male 1493.293046951294 229.0356758236885 312.24512100219727 455.5255115032196
Man 1493.293046951294 229.0356758236885 312.24512100219727 455.5255115032196
Person 1493.293046951294 229.0356758236885 312.24512100219727 455.5255115032196
Person 881.2611865997314 120.74192404747009 838.7927627563477 239.37104523181915
Handbag 843.9951038360596 536.6237318515778 1106.2588119506836 1073.2474637031555
Bride 881.2611865997314 120.74192404747009 838.7927627563477 239.37104523181915
Female 881.2611865997314 120.74192404747009 838.7927627563477 239.37104523181915
Woman 881.2611865997314 120.74192404747009 838.7927627563477 239.37104523181915
