Person 1781.9156563282013 545.6836706399918 77.90991067886353 64.31298851966858
Person 1212.524117231369 509.12725657224655 44.867799282073975 74.1279262304306
Person 1473.2065737247467 513.838576823473 65.17627000808716 86.50689750909805
Person 1081.6577446460724 505.90887531638145 45.591795444488525 47.82861202955246
Person 1042.0154571533203 490.52473425865173 42.44384765625 62.28070020675659
Person 1336.1114645004272 510.2607527375221 81.80468559265137 77.424436211586
Person 1396.4057314395905 521.4248905330896 44.17224168777466 62.39202931523323
Person 1363.6352598667145 507.986466139555 63.76183748245239 81.76165670156479
Building 961.9614332914352 540.2548769116402 1916.0771942138672 1077.9094219207764
Hat 1314.630035161972 482.99210362136364 34.56127882003784 22.678955644369125
Ceiling Fan 1205.9163165092468 196.29170939326286 154.58692073822021 63.328218162059784
Monitor 1429.9591755867004 516.3748817145824 55.198731422424316 51.436494290828705
