Person 1607.889997959137 537.5754446536303 65.25585651397705 61.91208019852638
Person 1069.6192860603333 499.9501186609268 40.724244117736816 75.29592633247375
Person 1881.9550395011902 551.8156188726425 65.43115139007568 80.89425444602966
Person 938.3552742004395 494.2906925082207 45.4815673828125 46.29593074321747
Person 1321.3951098918915 504.35848742723465 75.08483648300171 85.03912031650543
Person 899.5393520593643 488.51060919463634 40.52874684333801 41.63326844573021
Person 1206.0243380069733 498.03961604833603 77.87646532058716 82.01877057552338
Person 1178.1597357988358 495.8027382194996 50.556761026382446 70.9749761223793
Person 1257.616935968399 511.01017132401466 50.88122606277466 64.01300221681595
Person 381.1695206165314 295.19706308841705 79.48919534683228 63.50900173187256
Hat 1184.8213040828705 470.0434060022235 33.16052198410034 19.43957470357418
Handbag 206.27163469791412 269.2892776429653 56.94481015205383 71.37719482183456
Handbag 259.99077558517456 280.51171727478504 62.684340476989746 63.96754279732704
Handbag 315.7457935810089 286.93735532462597 57.291319370269775 65.3031300008297
Ceiling Fan 1067.3801064491272 187.06001333892345 145.55481433868408 63.77851948142052
Monitor 1282.8174662590027 507.5901335477829 55.810790061950684 52.22231984138489
Building 962.2407978773117 541.7631942685694 1915.5183792114258 1076.4735174179077
