Orange 227.8068245993927 725.4880785942078 455.34573554992676 708.5922861099243
Orange 1148.7599658966064 839.7685772180557 494.0928840637207 478.38005661964417
Orange 898.1858110427856 311.45956188440323 377.08611488342285 355.513790845871
Orange 282.343488112092 393.6011803150177 560.8990859985352 392.24567770957947
Orange 882.8001880645752 135.14252185821533 331.99384689331055 204.7661393880844
Orange 1624.1530323028564 991.4877301454544 591.0870552062988 175.12457013130188
Orange 1537.2400188446045 766.8982261419296 368.1709098815918 326.946462392807
Orange 1785.8843994140625 664.6234399080276 267.769775390625 383.77328753471375
Orange 854.2331457138062 963.812016248703 180.05999565124512 228.9117980003357
Orange 1178.1195402145386 561.2604922056198 377.12645530700684 278.12706112861633
Orange 1313.3744144439697 254.93708431720734 324.23852920532227 300.0986337661743
Orange 840.6440877914429 568.4866690635681 368.17076683044434 320.67405223846436
Orange 690.0200700759888 1016.1638747155666 259.7137928009033 127.07855433225632
Pear 537.1008968353271 258.2483437657356 339.9722671508789 310.5510413646698
