Person 1177.7126848697662 506.7558391392231 42.31372117996216 74.0054002404213
Person 1007.0511013269424 486.4149295538664 39.09960865974426 62.827730029821396
Person 1434.2709338665009 510.91990426182747 65.27404546737671 86.05081468820572
Person 1733.9344954490662 541.9839441776276 71.52575969696045 65.49478054046631
Person 1298.4704911708832 509.15302589535713 85.14502286911011 79.08874422311783
Person 1047.7693945169449 502.59785927832127 43.352662324905396 47.89300516247749
Person 1359.63014960289 519.5566749572754 40.33276319503784 61.635682582855225
Person 1321.1736595630646 504.7271677851677 64.01586771011353 85.26574552059174
Person 1275.8532178401947 504.06909853219986 56.73352003097534 69.85693752765656
Person 1115.9639132022858 496.8578089401126 16.484863758087158 24.45935033261776
Person 1340.379112958908 501.5467746555805 51.686646938323975 73.00433546304703
Building 962.1101559698582 541.6579197440296 1915.7796478271484 1076.4820790290833
Hat 1281.708213686943 480.70051677525043 37.83422827720642 23.913300186395645
Monitor 1395.0878530740738 513.5916278511286 52.659913301467896 48.44915583729744
