Person 1593.771561384201 536.6602917015553 65.67041158676147 62.33798414468765
Person 1856.4640724658966 549.6926611661911 58.409178256988525 79.4712245464325
Person 1056.7037200927734 498.9865390956402 40.6732177734375 76.91732972860336
Person 1191.7422544956207 498.97969141602516 70.85717439651489 82.72359877824783
Person 926.195193529129 492.7257140725851 47.777159214019775 46.96057006716728
Person 1309.8266386985779 503.8538673520088 72.57312297821045 85.55301010608673
Person 1163.667967915535 496.2618626654148 51.540037393569946 72.68816739320755
Person 889.2056804895401 488.0373166501522 42.01007008552551 40.93670815229416
Person 1215.4300010204315 495.78137040138245 58.545777797698975 80.0244140625
Person 1236.8873137235641 508.7568723410368 38.48791480064392 59.721345752477646
Person 365.92503905296326 292.4498903006315 82.15588331222534 65.30078038573265
Building 963.1247480213642 539.6771693229675 1913.7506103515625 1079.354338645935
Ceiling Fan 1040.853660106659 188.3235490322113 169.58692073822021 68.00581097602844
Hat 1170.6833651661873 469.54056825488806 29.519653916358948 18.882965371012688
Monitor 1500.135748386383 519.769441857934 66.65844440460205 49.40322831273079
Monitor 1270.2317279577255 505.04774540662766 58.79773020744324 49.95141685009003
