Pear 1320.169973373413 800.0109171867371 708.9125633239746 559.9782299995422
Pear 292.43670880794525 623.020800948143 542.2635841369629 512.1975195407867
Pear 933.0371761322021 198.577611297369 310.6511878967285 306.9096529483795
Pear 1063.7513637542725 665.7452362775803 394.5490837097168 397.07674384117126
Pear 95.16215153038502 492.2820693254471 188.98987770080566 354.7585666179657
Pear 83.13329806085676 209.86280858516693 165.80706596374512 274.2561185359955
Pear 1678.6935567855835 752.9379236698151 476.09301567077637 497.67995595932007
Pear 725.9474802017212 631.6481852531433 371.2990665435791 421.0617756843567
Pear 506.5824365615845 251.08167573809624 460.18521308898926 440.31651735305786
Can 1765.6404733657837 985.1639825105667 308.71899604797363 188.46845269203186
