Person 1514.3882596492767 535.7356216013432 92.49218702316284 90.30892878770828
Person 1626.9810104370117 540.2637805044651 71.055908203125 88.90173465013504
Person 1222.092735171318 528.8287590444088 46.31567358970642 49.755553901195526
Person 1354.2105174064636 530.6309661269188 49.667601585388184 73.73724639415741
Person 1455.5189734697342 502.6800736784935 34.785887002944946 57.291807532310486
Person 1185.0749748945236 523.9994370192289 36.698487997055054 39.236113876104355
Person 1199.940750002861 512.089956253767 48.68139624595642 60.5643305182457
Person 679.3692862987518 338.7073662132025 73.76367330551147 61.22534081339836
Building 961.682730987668 539.566642488353 1916.634521484375 1078.2972693443298
Ceiling Fan 1344.6282720565796 217.46523566544056 169.27599906921387 63.24720874428749
Monitor 1582.9034578800201 544.4594909995794 59.04772996902466 55.937805622816086
