Orange 356.71694738353835 722.6748812198639 713.4206199645996 714.6502375602722
Orange 991.5280866622925 310.00712156295776 375.66676139831543 340.1258397102356
Orange 1275.2974462509155 823.789279460907 461.10377311706543 468.19408893585205
Orange 1646.2533330917358 982.8482356667519 418.19849967956543 192.11365520954132
Orange 963.8079929351807 149.9901419878006 318.19067001342773 218.53792548179626
Orange 374.6809123456478 356.32435977458954 742.6396751403809 308.4829616546631
Orange 1621.139874458313 761.6216665506363 353.33619117736816 330.13208985328674
Orange 1383.1825733184814 261.9624736905098 313.88940811157227 295.87981939315796
Orange 1005.2981686592102 979.5993456244469 134.86334323883057 197.81353175640106
Orange 1842.057387828827 992.5561773777008 155.88525295257568 171.3749384880066
Orange 1275.0456047058105 546.8646338582039 355.21739959716797 254.10705864429474
Orange 1461.300573348999 486.8499845266342 322.6893424987793 295.92066407203674
Pear 638.0314207077026 234.6266734600067 329.32888984680176 247.93085396289825
