Box 247.9059648513794 626.7353492975235 143.1079387664795 200.02270102500916
Box 254.42062854766846 774.6223765611649 142.28879928588867 190.85785031318665
Box 272.85048723220825 913.9640226960182 160.52637577056885 180.1928025484085
Adult 1451.312656402588 317.1903455257416 309.61292266845703 476.3308382034302
Male 1451.312656402588 317.1903455257416 309.61292266845703 476.3308382034302
Man 1451.312656402588 317.1903455257416 309.61292266845703 476.3308382034302
Person 1451.312656402588 317.1903455257416 309.61292266845703 476.3308382034302
Person 1274.0890896320343 353.8197264075279 75.93872308731079 212.18503296375275
Handbag 868.5087776184082 540.4649605136365 1095.1494598388672 1079.0700674057007
Wristwatch 1205.214645266533 387.06964161247015 25.78039526939392 29.077301546931267
