Adult 1490.069818496704 230.55505477823317 316.40344619750977 453.427369594574
Adult 867.4987506866455 124.42529900930822 848.5051918029785 247.03449189662933
Male 1490.069818496704 230.55505477823317 316.40344619750977 453.427369594574
Man 1490.069818496704 230.55505477823317 316.40344619750977 453.427369594574
Person 1490.069818496704 230.55505477823317 316.40344619750977 453.427369594574
Person 867.4987506866455 124.42529900930822 848.5051918029785 247.03449189662933
Handbag 839.1052722930908 538.798348903656 1105.645980834961 1077.596697807312
Bride 867.4987506866455 124.42529900930822 848.5051918029785 247.03449189662933
Female 867.4987506866455 124.42529900930822 848.5051918029785 247.03449189662933
Woman 867.4987506866455 124.42529900930822 848.5051918029785 247.03449189662933
