Orange 577.2000646591187 718.5716164112091 906.5671348571777 719.4566488265991
Orange 140.69233417510986 407.7755632996559 281.3846683502197 229.45264399051666
Orange 632.402400970459 339.96683835983276 726.6895866394043 253.92763495445251
Orange 1068.9241361618042 981.8670862913132 313.9318370819092 194.35980677604675
Orange 1073.903660774231 168.92677634954453 306.0684299468994 207.48609244823456
Orange 1417.671332359314 791.993225812912 417.32508659362793 412.6347041130066
Orange 1719.1631412506104 746.1459428071976 324.6397590637207 298.4865725040436
Orange 1470.4950141906738 280.51246762275696 303.41320037841797 285.74901938438416
Orange 1129.6666145324707 317.15468287467957 352.26734161376953 316.830757856369
Orange 1756.532335281372 969.9386858940125 325.74548721313477 216.6654109954834
Orange 770.1787519454956 195.5476176738739 295.54347038269043 134.76817667484283
Orange 1439.4843864440918 1017.1173758804798 480.52928924560547 124.5345488190651
