Person 1814.9015808105469 545.4921327531338 61.3348388671875 77.96020478010178
Person 1567.2482442855835 534.2337428033352 60.71276664733887 62.00921505689621
Person 1030.589965581894 492.2267286479473 36.84551954269409 73.70672553777695
Person 865.1945453882217 486.1737399548292 41.73632740974426 40.16955479979515
Person 1169.2978048324585 495.14479368925095 69.40844535827637 85.29046475887299
Person 1275.6693255901337 500.6346532702446 68.45275640487671 80.811647772789
Person 1134.2227721214294 493.9819434285164 64.36816692352295 74.8072224855423
Person 902.4068802595139 489.2596214264631 45.480226278305054 47.91201934218407
Person 1293.482192158699 510.4380541294813 57.805906534194946 65.78634604811668
Person 339.09239172935486 287.29039303958416 81.19452238082886 62.70883306860924
Person 1687.4308776855469 382.6167196780443 34.0521240234375 54.0189827978611
Person 1192.0766365528107 494.2319078743458 59.328367710113525 83.4304466843605
Person 1521.6712725162506 523.7434305623174 27.755005359649658 19.43524159491062
Person 1225.6409606337547 466.78765520453453 21.56481921672821 18.8935849070549
Person 858.1543153524399 474.15226221084595 35.966795682907104 57.880096435546875
Person 1433.6165088415146 485.8978362008929 24.027832746505737 23.04684542119503
Hat 1145.800713300705 466.29322819411755 30.369508266448975 18.836272805929184
Monitor 1244.0799325704575 502.6700013130903 55.284422636032104 49.49874982237816
Monitor 1473.9285957813263 518.2788202911615 67.80981302261353 48.2614441215992
