Orange 1040.9217739105225 847.1235805749893 511.0022163391113 465.425888299942
Orange 807.4157810211182 312.57930636405945 387.9363441467285 369.136118888855
Orange 716.5201807022095 631.8126422166824 414.85562324523926 433.5086524486542
Orange 806.606183052063 125.55812604725361 339.02318000793457 190.19580602645874
Orange 440.29571056365967 278.70389968156815 357.0548343658447 351.0615599155426
Orange 1455.997052192688 782.4137967824936 386.92872047424316 340.0372302532196
Orange 1089.316635131836 579.9001979827881 386.2654495239258 303.0637192726135
Orange 681.0644817352295 955.2033162117004 286.13508224487305 248.14703464508057
Orange 1246.495442390442 254.08000588417053 327.32605934143066 302.370228767395
Orange 1451.9184350967407 1001.1470058560371 405.19200325012207 156.29168093204498
Orange 1752.481598854065 674.3738436698914 335.03674507141113 394.68905210494995
Orange 190.6950044631958 438.22577834129333 381.3900089263916 466.5844416618347
Orange 1311.5358924865723 494.6161061525345 343.89049530029297 314.33430790901184
Orange 1751.3303661346436 1010.5365264415741 329.62011337280273 138.9269471168518
