Orange 1005.8839416503906 847.4504989385605 515.273551940918 465.09893774986267
Orange 780.0353336334229 310.9087863564491 394.55183029174805 373.1947088241577
Orange 1422.5586891174316 1003.0155935883522 411.50951385498047 150.71588337421417
Orange 783.0766296386719 120.7546216249466 341.63280487060547 192.33540415763855
Orange 1432.7249336242676 790.6190067529678 395.41065216064453 358.6436712741852
Orange 680.3579235076904 640.9679979085922 425.9244918823242 453.19546580314636
Orange 1736.0298013687134 1011.8946522474289 325.69470405578613 136.21075987815857
Orange 1066.8004131317139 584.3824106454849 388.3329963684082 313.54734778404236
Orange 596.8749189376831 951.9956490397453 389.67387199401855 254.90319192409515
Orange 1228.193736076355 250.38163125514984 330.35765647888184 304.05564308166504
Orange 1742.25839138031 673.8487207889557 355.48327445983887 398.5459613800049
Orange 1882.8347325325012 928.5971760749817 73.87548923492432 287.69060611724854
Orange 1291.5329504013062 495.37889420986176 342.81214714050293 319.1468346118927
Pear 412.7700662612915 278.49206417798996 360.4013729095459 358.5509419441223
