Orange 1115.4633235931396 843.9325779676437 500.8901023864746 469.21881079673767
Orange 189.14853259921074 728.1482934951782 374.5147132873535 703.0784153938293
Orange 868.1152439117432 313.87392818927765 380.65893173217773 358.2269847393036
Orange 857.7003335952759 135.04808261990547 334.72020149230957 202.53532469272614
Orange 801.2727212905884 614.0844422578812 380.06340980529785 404.6497142314911
Orange 1614.071102142334 995.3376066684723 610.920295715332 168.4251093864441
Orange 1774.8456287384033 670.5734539031982 290.2543830871582 390.93732833862305
Orange 251.6807402484119 417.56910502910614 502.86020278930664 428.0849361419678
Orange 1150.6058263778687 569.3858796358109 376.6912364959717 285.09814381599426
Orange 809.2411494255066 961.9885781407356 196.40466213226318 233.18615019321442
Orange 1511.9678735733032 778.3627384901047 371.73840522766113 338.6235988140106
Pear 507.76814460754395 268.6515945196152 346.2333297729492 329.3525969982147
