Person 1323.3893805742264 527.8246043622494 46.916624307632446 77.80364960432053
Person 1590.0337743759155 534.1364188492298 68.81701469421387 89.73925977945328
Person 1473.7691795825958 530.6582280993462 83.21813821792603 89.5474523305893
Person 1186.0068279504776 522.8119479864836 44.81249928474426 50.60400232672691
Person 1898.3910065889359 570.4180929064751 41.69763207435608 69.77978646755219
Person 1414.8631739616394 492.97893539071083 36.419920921325684 48.19558650255203
Person 1160.1874762773514 507.3834317922592 53.537718057632446 62.58264183998108
Person 643.6182224750519 335.97127363085747 73.90259027481079 58.928161561489105
Building 961.1678802967072 540.4787624906749 1917.6642608642578 1076.4990091323853
Monitor 1544.9227684736252 537.5788906216621 59.650758504867554 51.7623907327652
Ceiling Fan 1308.2122564315796 211.18057250976562 164.35412406921387 60.18780469894409
