Building 960.449228938669 540.7999048847705 1919.1015243530273 1077.555434703827
Person 1582.1329879760742 543.0237172544003 90.8660888671875 89.88955467939377
Person 1695.111129283905 551.4240539073944 71.13671779632568 90.78848361968994
Person 1418.4025794267654 541.2662534415722 46.552244424819946 75.6365641951561
Person 1283.0917972326279 535.5528062582016 46.13598704338074 52.17114329338074
Person 1242.7798694372177 531.2693171203136 38.18188548088074 38.61834615468979
Person 1531.5956336259842 535.4538126289845 38.715330362319946 87.92645126581192
Person 1271.2921911478043 517.2285483777523 32.690430879592896 56.35855168104172
Person 738.1589734554291 344.11181688308716 73.21026563644409 59.8929762840271
Ceiling Fan 1407.5123691558838 223.2792978733778 173.92724990844727 65.26753172278404
