Building 960.0 539.8856268462259 1920.0 1078.9659118652344
Person 1857.6118862628937 560.0552925467491 90.60730218887329 68.77222001552582
Person 1535.0087213516235 526.0521939396858 68.41320991516113 87.32751667499542
Person 1271.3194727897644 522.4710063636303 45.177855491638184 76.34524673223495
Person 1138.639320731163 518.155765235424 42.96276926994324 47.31759488582611
Person 1399.2733919620514 524.7442831099033 86.46411180496216 79.53134089708328
Person 1103.209809064865 514.4901283085346 44.792726039886475 41.092378199100494
Person 1447.3449486494064 527.030989676714 56.873048543930054 81.59008651971817
Person 1368.689796924591 520.2976888418198 52.173829078674316 71.49508595466614
Person 1435.5774146318436 508.79463717341423 46.369138956069946 64.52475160360336
Ceiling Fan 1260.593740940094 209.37240488827229 161.54369831085205 65.08467212319374
Monitor 1491.9814842939377 527.4744775146246 57.096437215805054 53.492339104413986
Monitor 1745.1943516731262 541.9779273122549 76.71362400054932 53.44647333025932
Helmet 1333.5722583532333 805.862842798233 57.12780833244324 46.29443407058716
