Orange 1245.1256561279297 831.9857668876648 466.62872314453125 476.2562942504883
Orange 973.3938503265381 312.9627764225006 371.59807205200195 341.27039194107056
Orange 331.81109208846465 722.1323454380035 663.4572601318359 715.6655287742615
Orange 613.8858318328857 242.3426565527916 332.2770309448242 262.11861848831177
Orange 945.7939195632935 147.8627586364746 324.6558094024658 213.5899418592453
Orange 1623.8997888565063 988.0043050646782 438.39795112609863 181.76604688167572
Orange 353.3685493469238 370.984171628952 706.7370986938477 326.99477434158325
Orange 1367.5618886947632 262.31093287467957 316.64271354675293 298.3713448047638
Orange 972.762930393219 978.7663266062737 142.6426362991333 200.45391976833344
Orange 1251.7451333999634 550.8709689974785 360.28515815734863 256.4129966497421
Orange 1603.7949085235596 764.5654445886612 355.0316047668457 327.5565254688263
Orange 947.5878381729126 550.6582081317902 316.9946765899658 281.0800766944885
Orange 1833.7917923927307 996.4871317148209 172.41650104522705 165.34772515296936
Orange 1445.323576927185 487.9463857412338 327.62904167175293 296.0624134540558
