Orange 536.331582069397 352.7566784620285 755.4802894592285 280.5170702934265
Orange 467.5233681499958 725.938915014267 931.3339233398438 706.9367408752441
Orange 1725.7381296157837 978.7299960851669 384.02478218078613 200.50408244132996
Orange 1039.8762845993042 171.50741010904312 309.0392589569092 224.36200976371765
Orange 1374.500012397766 811.8718707561493 431.50940895080566 435.9860157966614
Orange 1087.2026538848877 318.56482207775116 350.8586311340332 325.58101415634155
Orange 1444.2677164077759 276.6327702999115 303.56823921203613 288.9302694797516
Orange 85.80786466598511 414.35798585414886 171.61572933197021 236.28183245658875
Orange 1025.0761413574219 987.433332502842 310.92029571533203 182.84960567951202
Orange 1690.4464387893677 757.4966436624527 332.1419620513916 310.60814023017883
Orange 725.6671285629272 201.48206144571304 310.7772731781006 155.5425077676773
