Building 960.8569106832147 540.0 1918.275032043457 1080.0
Person 1811.24027967453 549.417627453804 84.62609767913818 67.01446652412415
Person 1355.0704407691956 515.9899914264679 94.55273151397705 80.64059257507324
Person 1497.373319864273 516.192275583744 67.40563631057739 88.33740055561066
Person 1236.6581726074219 509.2467328906059 46.995849609375 70.63787877559662
Person 1105.4932862520218 510.075179412961 44.06884789466858 48.403563648462296
Person 1401.2784790992737 511.40817761421204 61.49120807647705 86.36367559432983
Person 1067.32934653759 506.39006562530994 42.155030965805054 40.89184418320656
Ceiling Fan 1226.2857484817505 199.65020053088665 160.6984806060791 63.16172942519188
Hat 1336.730323433876 487.81842827796936 33.61926198005676 23.57919216156006
