Orange 248.9195328578353 726.025367975235 496.3107490539551 704.957914352417
Orange 1169.038667678833 838.5405170917511 491.3804054260254 477.6542830467224
Orange 296.772379539907 389.2406165599823 590.8277320861816 382.2150421142578
Orange 914.3504762649536 308.8417446613312 373.43865394592285 347.40214705467224
Orange 553.2892942428589 254.59218978881836 340.95900535583496 297.84026741981506
Orange 863.0602169036865 568.5942041873932 348.5203742980957 322.34633445739746
Orange 896.1043882369995 137.0936881005764 332.3852062225342 204.5028054714203
Orange 1632.5804328918457 992.7018454670906 574.3600845336914 173.66364061832428
Orange 1551.1814832687378 758.4773021936417 363.45030784606934 312.54924416542053
Orange 1194.6560525894165 559.8239600658417 366.87718391418457 276.1438250541687
Orange 1324.6668577194214 257.69109070301056 323.2840633392334 301.73293590545654
Orange 1396.8904781341553 489.26609694957733 330.1746940612793 306.45904183387756
