Orange 506.2256956100464 351.3092190027237 766.0943412780762 281.69837951660156
Orange 449.6315595880151 725.438768863678 898.2734870910645 707.5084376335144
Orange 1359.333472251892 812.9104167222977 438.85645866394043 440.5807363986969
Orange 1719.9903202056885 979.7363877296448 393.9543342590332 198.44964981079102
Orange 1072.087426185608 315.7772934436798 358.89355659484863 332.5360035896301
Orange 1029.8207759857178 167.11794286966324 311.2199592590332 226.54512405395508
Orange 1682.1703433990479 756.771610379219 338.9952278137207 311.72887444496155
Orange 1435.5268335342407 273.4532019495964 307.39697456359863 292.24982500076294
Orange 67.58839130401611 412.9931974411011 135.17678260803223 244.26913976669312
Orange 713.5605955123901 201.88147991895676 311.56908988952637 161.7514944076538
Orange 1005.6175231933594 985.7936230301857 315.2097702026367 187.6181012392044
Orange 1666.969449520111 361.7150205373764 179.83825206756592 173.52303385734558
Orange 1515.014991760254 486.77552103996277 316.5838623046875 279.902822971344
