Orange 1106.5017986297607 843.8088691234589 496.48263931274414 470.09302854537964
Orange 862.4869966506958 312.80183583498 384.3929386138916 362.07172751426697
Orange 177.58518037386239 730.3515565395355 354.5036315917969 699.296886920929
Orange 1607.1829891204834 996.2536427378654 625.6339073181152 165.33251702785492
Orange 853.4793519973755 133.4140882641077 334.4069766998291 199.4458383321762
Orange 1770.9348249435425 672.4387747049332 296.8253231048584 392.94734358787537
Orange 794.1951513290405 592.134997844696 381.6517925262451 360.6609606742859
Orange 1143.4021997451782 571.3876873254776 377.5620746612549 289.7324216365814
Orange 1505.7522869110107 788.903900384903 374.52672958374023 358.0026125907898
Orange 797.9336214065552 962.2204095125198 199.56982612609863 233.5584032535553
Orange 1287.140736579895 256.28150671720505 325.31006813049316 300.14272928237915
Orange 1354.916296005249 491.85200929641724 341.0896110534668 306.31211042404175
Pear 499.54749584198 270.6444463133812 348.45540046691895 333.40108036994934
