Building 962.9838958382607 539.4382276246324 1914.0322494506836 1076.1280274391174
Person 1502.9072105884552 535.3551207482815 90.78222513198853 91.99725598096848
Person 1615.3609693050385 538.3260521292686 71.65478467941284 90.08773505687714
Person 1210.3366541862488 527.9537205398083 43.996825218200684 48.92922967672348
Person 1341.5718537569046 526.0379353165627 49.44482445716858 70.40134012699127
Person 1173.994293808937 522.811565771699 37.720338106155396 40.34539774060249
Person 1278.9129719138145 523.7746142596006 16.780030131340027 23.90606626868248
Person 1188.6587744951248 512.8262749314308 53.070799112319946 63.794737458229065
Person 667.596834897995 337.6678305119276 74.58404302597046 61.05911359190941
Ceiling Fan 1326.5378093719482 217.12661147117615 180.48986434936523 65.65609931945801
Monitor 1570.9993958473206 541.8157394975424 60.26623249053955 54.80480834841728
