Person 1749.4783401489258 555.2755115926266 109.1290283203125 97.9504081606865
Person 1698.0630415678024 547.2303168475628 46.47131323814392 91.6464552283287
Person 1865.0876069068909 562.6713716983795 79.35131549835205 96.01769685745239
Person 1562.7831727266312 552.1565021574497 45.11071801185608 81.60717755556107
Person 1420.5830311775208 547.4698930978775 49.641480445861816 51.950987577438354
Person 1381.6532903909683 541.2764243781567 30.782471895217896 38.65246385335922
Person 1490.0419467687607 544.0610974654555 20.367554426193237 22.599364444613457
Person 1587.784309387207 502.65665397047997 21.3775634765625 19.927673041820526
Ceiling Fan 1549.6949815750122 225.06025984883308 188.7191104888916 67.99782067537308
Building 961.7188277095556 540.5877793254331 1916.5625381469727 1078.8244843482971
Burger 1437.3081439733505 594.9804400652647 52.63806223869324 47.52240166068077
