Person 1746.6811448335648 548.1708830595016 48.85156273841858 91.68066143989563
Person 1799.6342861652374 557.4101369082928 114.34692621231079 99.21279519796371
Person 1899.0063321590424 563.1754003465176 40.09655714035034 97.08349674940109
Person 1603.136100769043 551.1652864515781 56.3031005859375 74.82348471879959
Person 1462.2735750675201 535.1324102282524 41.15649461746216 68.05465400218964
Person 1532.2554096579552 545.8031338825822 21.344849467277527 22.509704902768135
Person 1467.2495037317276 552.9715993255377 42.38085865974426 45.87469384074211
Person 907.0095241069794 359.4435442239046 71.58019781112671 58.34951654076576
Person 1423.718329668045 543.1896205991507 30.514891147613525 39.84142944216728
Ceiling Fan 1595.1824569702148 224.91710633039474 192.1453857421875 70.89887917041779
Monitor 1866.6648244857788 568.7822860479355 77.24169731140137 61.03002905845642
Bread 1425.164841413498 593.8727675378323 60.614869594573975 58.386108577251434
Burger 1480.9077841043472 597.6800351589918 54.642945528030396 49.29803475737572
