Person 1834.8674619197845 547.55984634161 58.72204542160034 78.22732865810394
Person 1579.6053850650787 535.8520965278149 62.64941453933716 60.7456049323082
Person 1042.1188044548035 495.4055204987526 42.048583030700684 75.80062687397003
Person 875.7743346691132 487.01865188777447 43.161256313323975 40.382661670446396
Person 914.5165908336639 491.09110817313194 47.113587856292725 46.87222212553024
Person 1167.294899225235 496.28998160362244 82.46691942214966 81.01266860961914
Person 1289.42440867424 501.91853284835815 68.68432760238647 82.72698640823364
Person 1310.8978950977325 504.15159456431866 48.030760288238525 58.238191455602646
Person 1196.047750711441 494.20259803533554 62.07543611526489 81.33480727672577
Person 352.99075841903687 289.9658542871475 81.21896266937256 64.41601753234863
Person 1226.208221912384 509.58843290805817 49.764161109924316 57.762969732284546
Building 961.7538177967072 540.218938475009 1916.4923858642578 1079.5621347427368
Hat 1158.1536412239075 468.00051625818014 30.116944313049316 20.07388226687908
Monitor 1256.5069502592087 502.9615004360676 54.10314917564392 48.3091726899147
Monitor 1486.179574728012 518.21095302701 66.35290861129761 47.29684263467789
