Person 1734.3091142177582 553.835217654705 109.33691740036011 99.06152665615082
Person 1848.225531578064 561.1492113769054 77.95031547546387 96.40606731176376
Person 1681.7418283224106 543.896631449461 45.892943143844604 90.11849731206894
Person 1545.6720811128616 543.2628187537193 44.71337914466858 65.75879037380219
Person 1406.7453235387802 546.1461625993252 48.97778391838074 51.571838557720184
Person 1367.746514081955 540.0505851209164 33.130738735198975 39.80078190565109
Burger 1424.0451961755753 592.7199494093657 53.46606373786926 49.365722984075546
Building 960.0 539.8676812648773 1920.0 1079.7353625297546
Monitor 1797.5927889347076 563.4014301002026 72.03906297683716 53.94543260335922
Ceiling Fan 1536.631042957306 224.8185733705759 186.44690036773682 66.96949794888496
