Building 960.0 538.3396589756012 1920.0 1076.6793179512024
Person 1118.1460958719254 502.97546938061714 40.913697481155396 77.3867216706276
Person 1372.625412940979 507.45438292622566 67.09851264953613 86.1920490860939
Person 1662.410591840744 539.1022679954767 69.49182271957397 64.67205718159676
Person 988.4646302461624 498.3620162308216 44.92211937904358 48.39865118265152
Person 1244.2807853221893 502.3537628352642 75.09301900863647 79.84591573476791
Person 1220.3712916374207 500.90570390224457 71.14770412445068 75.3118908405304
Person 948.6963683366776 484.10729974508286 42.261167764663696 61.212188601493835
Person 1278.7364494800568 500.6498412787914 59.130613803863525 80.48507541418076
Person 1300.4242318868637 514.3634925037622 40.601195096969604 62.55502179265022
Ceiling Fan 1114.1267895698547 191.4370022714138 146.69847965240479 66.81066960096359
Bread 939.3701595067978 539.7199612855911 59.04950022697449 58.10195803642273
