Orange 1023.5793972015381 846.3452303409576 513.5837745666504 463.7306571006775
Orange 793.0386829376221 311.14604115486145 392.73542404174805 370.7857096195221
Orange 795.7826328277588 122.03935615718365 342.7448844909668 188.69696080684662
Orange 699.0659666061401 635.3821903467178 423.2401943206787 442.361615896225
Orange 1438.3912181854248 1002.3354685306549 394.23803329467773 152.388117313385
Orange 1445.2511930465698 787.0305007696152 388.51195335388184 348.77625346183777
Orange 1077.631115913391 581.4576548337936 388.3681583404541 307.0820438861847
Orange 623.0303907394409 953.8032272458076 373.55664253234863 251.75879538059235
Orange 426.7221164703369 277.78513580560684 359.04619216918945 351.43553495407104
Orange 1238.6761379241943 252.73951023817062 329.3726921081543 305.31564831733704
Orange 1747.4991846084595 673.9316654205322 345.00157356262207 395.283408164978
Orange 1299.7592067718506 493.93270611763 342.53637313842773 314.29951429367065
Orange 1744.4382619857788 1011.437925696373 327.57044792175293 137.12421298027039
Orange 1574.402096271515 541.7008236050606 229.94921207427979 213.38861525058746
Orange 1508.4994339942932 351.4643257856369 211.30810260772705 192.36186146736145
Orange 1886.9551706314087 928.2297027111053 66.08960151672363 272.3481345176697
Orange 1040.9079837799072 320.7128691673279 156.65674209594727 228.03072452545166
