Person 1621.2865841388702 537.2874900698662 64.89746332168579 62.987274527549744
Person 1081.9001930952072 501.46355241537094 39.760011434555054 74.78066861629486
Person 1895.6636649370193 561.4671577513218 48.672605752944946 93.56543093919754
Person 1335.387396812439 505.2441434562206 70.79455375671387 84.7250685095787
Person 1217.4230432510376 500.40124878287315 75.20276069641113 85.55956810712814
Person 950.9673339128494 494.92103308439255 46.846128702163696 46.63253724575043
Person 1191.2574845552444 496.08840957283974 43.89855980873108 68.26348811388016
Person 913.7525868415833 480.83320565521717 41.340394020080566 59.80682507157326
Person 1238.6917805671692 496.67294070124626 59.825806617736816 78.94012302160263
Person 1149.151725769043 457.50107008963823 25.56884765625 18.045074120163918
Person 1021.7891465127468 487.28972263634205 14.536010921001434 23.038696199655533
Building 960.6374419480562 540.2134372852743 1918.725242614746 1078.0494332313538
Ceiling Fan 1077.5269746780396 188.3197570592165 149.45672035217285 62.62449637055397
Hat 1195.8071672916412 471.4142132923007 30.270874500274658 19.85333226621151
