Orange 1209.7151470184326 836.1932194232941 483.402156829834 475.6887173652649
Orange 948.3783674240112 313.5554748773575 371.9707775115967 342.8948128223419
Orange 297.919749263674 721.932692527771 594.594612121582 713.8590288162231
Orange 910.9237003326416 561.615332365036 335.932674407959 301.56646728515625
Orange 923.7004566192627 144.7485490143299 326.6227912902832 210.75900971889496
Orange 932.7346730232239 976.6720792651176 154.53539371490479 203.583864569664
Orange 1650.7312202453613 991.3521605730057 536.2004470825195 175.0388252735138
Orange 1347.460699081421 261.47807478904724 316.62878036499023 299.80586528778076
Orange 1227.2237920761108 557.4354717135429 362.73036003112793 268.63768994808197
Orange 1581.5269374847412 764.4331258535385 360.9089469909668 321.3236081600189
Pear 587.2947263717651 251.95808619260788 341.33694648742676 282.645081281662
