Orange 237.40582605823874 725.6690311431885 473.10144424438477 707.539529800415
Orange 1157.4436855316162 838.5286563634872 494.1909599304199 479.34314131736755
Orange 290.19173450767994 394.1427505016327 576.4105224609375 390.47500133514404
Orange 907.2432231903076 309.3426391482353 376.4109992980957 349.25280690193176
Orange 888.4075784683228 134.738939255476 330.90508460998535 201.61849200725555
Orange 852.5479316711426 569.626876115799 355.3318405151367 321.82941913604736
Orange 1627.0267295837402 991.4770522713661 585.417366027832 175.36907494068146
Orange 545.6421804428101 257.4861270189285 341.70355796813965 305.376513004303
Orange 1544.5597171783447 762.3780173063278 361.10132217407227 319.38108801841736
Orange 1186.3738489151 560.5940383672714 370.14927864074707 279.18522477149963
Pear 1319.59632396698 256.17881566286087 325.4080867767334 300.5540084838867
