Building 960.3408692590892 538.8090670108795 1919.3183898925781 1077.618134021759
Person 1166.4644622802734 505.25272116065025 42.952880859375 74.94265526533127
Person 1422.7621293067932 509.6399796009064 65.62756061553955 86.66146516799927
Person 1288.3112275600433 505.6574222445488 82.31238126754761 76.0560268163681
Person 996.3880008459091 485.13670675456524 40.61810374259949 64.18960556387901
Person 1038.616470694542 501.14872612059116 47.11285471916199 50.04596069455147
Person 1721.17316365242 540.8640287071466 73.19494485855103 66.08163312077522
Person 1312.6922285556793 501.8339829146862 65.32738924026489 83.70327562093735
Person 1345.1725387573242 517.9034773260355 36.95068359375 60.69171264767647
Person 1266.2412786483765 503.16656470298767 63.17736625671387 69.98660087585449
Hat 1271.0488736629486 480.0764535740018 35.55554151535034 22.55194164812565
