Orange 664.9932718276978 716.2032687664032 883.2534027099609 725.3862404823303
Orange 699.5660018920898 335.6489700078964 702.4018478393555 242.82821416854858
Orange 1099.5222187042236 171.06413751840591 298.5223960876465 195.5317336320877
Orange 1099.4001817703247 981.0024842619896 325.64709663391113 197.5936335325241
Orange 1479.1916370391846 1007.6300767064095 497.7641487121582 144.7398144006729
Orange 1164.1411399841309 323.7943249940872 334.0236282348633 308.83057594299316
Orange 1449.6418190002441 785.2722644805908 401.29016876220703 405.6523561477661
Orange 188.26899826526642 401.9648605585098 350.9175395965576 223.29071402549744
Orange 798.4207534790039 193.06408658623695 277.96497344970703 118.26022356748581
Orange 1488.626561164856 286.13528966903687 294.7976016998291 278.33733558654785
Orange 1737.5762844085693 743.1696885824203 314.35827255249023 292.4975001811981
Orange 1772.3676824569702 966.9261494278908 294.85888481140137 222.96674072742462
