Building 958.4087312221527 540.6106446962804 1915.9666442871094 1076.7780661582947
Person 1689.6963500976562 540.8438115566969 66.5277099609375 63.383301347494125
Person 1142.6828759908676 504.7636069357395 41.340941190719604 75.42260438203812
Person 1396.0506963729858 509.5771273970604 61.59899711608887 85.64187705516815
Person 1279.7386622428894 502.2271129488945 71.18066310882568 83.97628962993622
Person 1013.3130955696106 500.0494462251663 45.153565406799316 48.17602515220642
Person 1245.3528892993927 501.52479127049446 62.831175327301025 71.06612831354141
Person 972.0751422643661 484.78625401854515 40.18872141838074 60.795075595378876
Person 1320.8604884147644 516.9172605872154 34.722533226013184 57.631439566612244
Person 1304.093917608261 502.7544888854027 58.32104444503784 80.42193353176117
Ceiling Fan 1136.2264323234558 191.27947345376015 153.97363185882568 63.29936295747757
Bread 962.9318779706955 550.9344126284122 56.782411336898804 39.06182795763016
Hat 1251.7895740270615 477.6725559309125 31.504029035568237 22.13992215692997
Monitor 1356.9662010669708 514.2521312087774 53.165037631988525 55.506377667188644
