Orange 645.9545087814331 713.9309012889862 885.3651809692383 728.0537939071655
Orange 1093.6882638931274 168.78405332565308 301.2347888946533 195.8518123626709
Orange 684.3164348602295 333.95835757255554 708.797779083252 241.9182050228119
Orange 175.72142891585827 401.0827088356018 348.5467529296875 222.09875106811523
Orange 1466.4902973175049 1008.9857080578804 499.97262954711914 142.01928198337555
Orange 792.7109670639038 192.10018917918205 281.0471248626709 123.16049069166183
Orange 1443.1017065048218 785.1686400175095 404.13599967956543 405.4219329357147
Orange 1092.4637746810913 979.2575570940971 320.6261730194092 200.54326951503754
Orange 1158.5879802703857 321.43452286720276 334.1370964050293 311.928334236145
Orange 1484.9311208724976 283.0730813741684 293.74377250671387 276.97739124298096
Orange 1732.0734071731567 742.6008242368698 315.66224098205566 293.2743537425995
Orange 1766.9191360473633 967.2623696923256 306.09375 223.578799366951
Orange 117.85884095588699 304.18263494968414 235.5073070526123 110.31729340553284
