Orange 271.5219306573272 727.0142340660095 540.1478004455566 705.2333664894104
Orange 1191.0926055908203 838.9778351783752 484.8772430419922 477.70983695983887
Orange 933.0929946899414 312.5229638814926 371.3425827026367 345.4645836353302
Orange 569.9325656890869 251.01126372814178 339.9723815917969 284.59394216537476
Orange 908.8777828216553 142.7459567785263 326.6106605529785 211.28075301647186
Orange 1210.8341789245605 559.5434063673019 365.87779998779297 272.4299204349518
Orange 1337.1846199035645 258.86033803224564 319.34886932373047 297.2640323638916
Orange 311.5643866918981 390.7207775115967 622.825870513916 377.11618423461914
Orange 1566.5369939804077 761.7293947935104 356.59838676452637 315.4142940044403
Orange 888.612756729126 563.5856455564499 342.80107498168945 308.3653199672699
Orange 1632.9376029968262 990.4278686642647 536.6055679321289 176.71093046665192
Orange 1408.916802406311 489.7583734989166 331.06358528137207 299.3593740463257
Orange 906.3946652412415 972.1431720256805 172.28552341461182 213.8791537284851
