Orange 706.8434143066406 713.7872207164764 874.943790435791 732.4256229400635
Orange 1116.6144704818726 981.0529607534409 326.8472957611084 196.4538609981537
Orange 1112.641897201538 172.19170331954956 294.28693771362305 194.79133129119873
Orange 1498.5581731796265 287.74334371089935 294.76183891296387 276.5009665489197
Orange 813.6366605758667 190.96635907888412 269.3294048309326 112.01143026351929
Orange 226.29396200180054 400.58078438043594 344.8055362701416 224.65981543064117
Orange 1503.339443206787 1003.2968473434448 510.4397964477539 153.40630531311035
Orange 732.7408218383789 335.02554953098297 697.2644233703613 242.53798842430115
Orange 1182.133069038391 324.14910078048706 326.98365211486816 306.31651997566223
Orange 1750.6913566589355 741.6728228330612 315.35900115966797 286.15650057792664
Orange 1783.480339050293 965.5537569522858 270.7415771484375 225.63611268997192
