Orange 405.0093573331833 349.81162905693054 794.1946220397949 294.72065448760986
Orange 392.80749320983887 718.8976657390594 785.6149864196777 722.2046041488647
Orange 1306.3388013839722 820.0428503751755 449.8831844329834 457.62329936027527
Orange 1024.8002672195435 310.49366891384125 365.9971332550049 335.7436466217041
Orange 989.7896146774292 154.56452071666718 318.75792503356934 220.99517226219177
Orange 1679.7051286697388 981.5964621305466 422.08313941955566 195.01293540000916
Orange 1645.2955341339111 758.2966071367264 347.36108779907227 324.08759236335754
Orange 1403.2423639297485 264.8642161488533 309.18614387512207 296.0488951206207
Orange 1302.4394416809082 544.5225021243095 349.49352264404297 245.31927287578583
Orange 1852.7390956878662 991.2046417593956 134.10192489624023 171.42883479595184
Orange 1483.2464361190796 483.6868715286255 322.55518913269043 286.2069368362427
Pear 666.0335111618042 228.8526874780655 326.2906551361084 235.01730501651764
