Person 1777.2224879264832 548.420038819313 50.116209983825684 90.28344511985779
Person 1821.3883137702942 558.3452112972736 95.66687107086182 95.79373508691788
Person 1488.0451208353043 551.720469519496 46.703492403030396 51.389771550893784
Person 1629.164139032364 547.0979377627373 44.90649461746216 66.17779433727264
Person 930.7143652439117 360.0383046269417 71.58227205276489 59.448915123939514
Person 1486.6396021842957 526.4834750443697 36.502318382263184 48.75909581780434
Person 1448.982565999031 545.2654451876879 30.459104776382446 40.898925215005875
Building 960.0 540.3463509678841 1920.0 1079.3072819709778
Ceiling Fan 1626.0580801963806 225.64146772027016 192.86437511444092 72.08846837282181
Monitor 1888.7710404396057 570.7085218280554 62.45800495147705 59.92346093058586
