Orange 198.452318161726 727.8443884849548 393.77798080444336 700.9400725364685
Orange 1123.7550258636475 843.2870453596115 498.2999610900879 473.42597365379333
Orange 863.7827396392822 132.34365351498127 330.83295822143555 197.8006249666214
Orange 876.5332746505737 311.481496989727 379.43324089050293 356.83945655822754
Orange 1620.4776763916016 994.4760543107986 598.150634765625 170.7222282886505
Orange 812.1414470672607 577.0097690820694 380.8611488342285 331.844927072525
Orange 1517.2279930114746 785.279136300087 369.92076873779297 356.41070008277893
Orange 1296.3007307052612 256.4282611012459 323.2016658782959 300.178005695343
Orange 819.8726606369019 961.7595067620277 189.2233943939209 233.88067066669464
Orange 260.27305961586535 412.58893489837646 519.9383354187012 416.83629870414734
Orange 513.299446105957 267.6362791657448 347.7029800415039 326.2263214588165
Orange 1158.6894464492798 568.1322151422501 373.4351062774658 285.72063088417053
Orange 1778.0910730361938 668.4259378910065 282.91577339172363 391.69293880462646
