Orange 589.4318675994873 720.2433836460114 901.4216995239258 717.2520661354065
Orange 1077.8277969360352 168.12962919473648 304.2718505859375 204.6663933992386
Orange 145.49458980560303 405.06189465522766 290.98917961120605 223.71309757232666
Orange 1070.9050798416138 981.1927869915962 317.24278450012207 195.4801708459854
Orange 637.0362854003906 336.9411215186119 718.7985992431641 247.11788713932037
Orange 1132.8608894348145 319.3533271551132 345.6654739379883 315.80384731292725
Orange 1446.157693862915 1015.5442482233047 480.96628189086914 128.90783429145813
Orange 1420.486421585083 792.565421462059 417.63330459594727 416.85290694236755
Orange 1472.3837614059448 281.2860381603241 303.5288143157959 285.7907009124756
Orange 1721.2053680419922 746.2294989824295 324.949951171875 298.47691655158997
