Person 1768.045402765274 556.0921315848827 115.47351121902466 98.0681785941124
Person 1881.2633121013641 562.4644929170609 76.93053960800171 97.32257008552551
Person 1713.9011389017105 546.9617123901844 49.523316621780396 91.0846558213234
Person 1572.8201597929 543.8034716248512 35.54724097251892 65.98715364933014
Person 1435.5562287569046 547.6086632162333 45.66186547279358 50.68743780255318
Person 1396.3465797901154 542.8012300282717 32.655394077301025 39.69061151146889
Person 1636.9457012414932 503.4784600138664 24.868651628494263 16.272613406181335
Building 960.4330705292523 539.9364919960499 1919.1339111328125 1079.361548423767
Monitor 1831.354011297226 565.4673372209072 76.02001905441284 56.59924238920212
Ceiling Fan 1559.0720629692078 270.7958275079727 204.89514827728271 155.56936740875244
