Orange 217.6478204486193 724.9277758598328 435.26012420654297 709.3612861633301
Orange 1137.0773220062256 840.8065116405487 499.9867057800293 475.2888321876526
Orange 890.4798460006714 309.77462232112885 377.93383598327637 354.3752896785736
Orange 529.9901247024536 262.9411044716835 341.8509578704834 317.86043643951416
Orange 876.2903451919556 134.82973538339138 333.2833957672119 203.46097648143768
Orange 833.1873321533203 574.9270766973495 365.7979202270508 333.75545382499695
Orange 273.916540145874 402.74797439575195 547.833080291748 406.85033798217773
Orange 1619.8959159851074 992.0222675800323 597.1052169799805 174.26605939865112
Orange 1531.9205617904663 767.5064063072205 369.98339653015137 326.62121772766113
Orange 1171.09441280365 562.9473066329956 374.92884635925293 279.46109533309937
Orange 843.7061405181885 963.4469649195671 179.52856063842773 230.49371659755707
Orange 1307.2258615493774 254.86930757761002 323.83801460266113 299.7191870212555
Orange 1787.302451133728 665.5668586492538 265.39515495300293 385.18975138664246
Orange 1378.3586883544922 489.1352266073227 332.2119140625 306.5480053424835
