Building 964.6058428287506 539.4936634786427 1910.7881927490234 1077.667121887207
Person 1198.6361002922058 525.8063473552465 42.394652366638184 49.33249041438103
Person 1601.8574059009552 536.8270821869373 69.90453958511353 89.29199606180191
Person 1489.3127596378326 532.054458707571 90.91174364089966 91.79119795560837
Person 1333.8602524995804 528.3147646486759 46.67810082435608 75.75290232896805
Person 1161.9223487377167 521.5872513502836 41.044557094573975 40.41323885321617
Person 1179.1713720560074 509.7119003534317 47.613526582717896 62.986968755722046
Person 655.6255638599396 337.3526944220066 75.47460794448853 60.688200294971466
Ceiling Fan 1319.3266654014587 214.40181635320187 166.35619640350342 64.53746125102043
Monitor 1558.2004845142365 539.6251981705427 63.316404819488525 53.293152898550034
