Orange 259.6617785654962 724.7661352157593 517.7826690673828 708.7238001823425
Orange 1176.6347694396973 839.2411851882935 491.21360778808594 476.6364812850952
Orange 560.2686738967896 255.72558134794235 343.29468727111816 296.366286277771
Orange 922.9114580154419 309.85930502414703 373.92102241516113 347.0292341709137
Orange 302.5556945800781 389.5784944295883 605.1113891601562 379.84025716781616
Orange 903.5344791412354 138.5285747051239 330.22138595581055 204.54727113246918
Orange 1633.0164813995361 994.537361562252 573.5528755187988 168.859321475029
Orange 874.9855184555054 568.2056486606598 351.6134548187256 320.32257556915283
Orange 1558.4251070022583 761.119669675827 360.9481143951416 315.69061517715454
Orange 1202.7497005462646 560.1509267091751 366.423397064209 274.99730944633484
Orange 1329.6452379226685 258.12236577272415 320.09522438049316 299.9158787727356
Orange 1796.6969919204712 665.3436452150345 246.60595893859863 382.8392994403839
Orange 1402.0445680618286 488.7297409772873 328.1777286529541 302.26417422294617
Orange 1140.9557962417603 321.1021810770035 127.01611518859863 218.72441411018372
