Person 1872.938368320465 561.750672608614 88.62926959991455 68.6925020813942
Person 1285.0226140022278 525.3640303015709 44.032959938049316 78.47394168376923
Person 1548.0216979980469 528.2457326352596 66.1724853515625 87.1728202700615
Person 1150.4300612211227 519.7233326733112 42.07311987876892 47.30456739664078
Person 1433.6682271957397 523.9948846399784 88.23168754577637 87.60094910860062
Person 1116.2471240758896 515.4660091549158 44.69128489494324 40.122892409563065
Person 1385.147743821144 522.5793461501598 53.817139863967896 69.34262126684189
Person 1458.1833958625793 527.8648294508457 57.082886695861816 81.44598752260208
Person 1407.6765131950378 525.3928573429585 80.33959865570068 75.46621710062027
Person 1371.530129313469 478.8612499460578 34.274171590805054 21.3890390843153
Building 961.556623801589 540.1459001528565 1916.8867492675781 1079.6629428863525
Monitor 1504.6426552534103 532.3798904567957 54.981569051742554 52.95101836323738
Ceiling Fan 1269.7963213920593 210.12832313776016 168.31067562103271 62.85511672496796
