Orange 618.8072919845581 714.9286186695099 896.085090637207 726.8868398666382
Orange 1085.8141994476318 169.74280893802643 303.64362716674805 202.77929842472076
Orange 159.84811305999756 401.27289086580276 319.6962261199951 224.3239814043045
Orange 1457.512149810791 1011.1284846067429 492.21874237060547 137.4478805065155
Orange 1079.5042705535889 977.4477660655975 324.09936904907227 202.65893697738647
Orange 1431.542501449585 789.1462326049805 414.64330673217773 415.22101879119873
Orange 664.8644828796387 337.5341257452965 717.9435539245605 249.1085582971573
Orange 1763.206000328064 968.3681854605675 313.19140434265137 223.02123248577118
Orange 1479.0257406234741 281.78367376327515 295.27087211608887 281.200647354126
Orange 1726.1997985839844 743.5291635990143 323.4100341796875 294.99945402145386
Orange 1148.1713390350342 318.37204098701477 343.1294059753418 312.1645510196686
Tape 86.04557979851961 525.7718494534492 170.488600730896 192.5267368555069
