Building 960.4467970132828 540.0 1919.106330871582 1080.0
Person 1795.3873765468597 546.7922222614288 79.37170743942261 66.544189453125
Person 1485.0278913974762 515.0660897791386 68.76427888870239 87.1818807721138
Person 1347.50723361969 512.0731307566166 88.95398139953613 79.6208193898201
Person 1409.6325767040253 523.507090061903 50.474488735198975 64.6677240729332
Person 1056.282668709755 504.3242007493973 45.31603932380676 40.68081736564636
Person 1093.524186015129 508.2344772666693 44.861329793930054 48.21478173136711
Person 1221.187423467636 508.28730940818787 37.70519971847534 72.20257759094238
Person 1372.2417283058167 507.8724293410778 72.50683307647705 83.52148622274399
Person 1325.0241243839264 509.09480050206184 64.69104051589966 71.33861929178238
