Orange 628.325400352478 715.4249024391174 891.3731575012207 728.4462761878967
Orange 1089.2133378982544 169.6721515059471 301.7867374420166 199.94970202445984
Orange 672.214879989624 334.7348812222481 713.1570053100586 245.41505992412567
Orange 164.73159458488226 401.594957113266 326.1727523803711 222.06289529800415
Orange 1086.817831993103 979.1272902488708 325.3743267059326 199.43120956420898
Orange 1434.21639919281 785.7131552696228 413.41944694519043 407.8276491165161
Orange 1479.3380498886108 282.13838517665863 297.93139457702637 281.3295865058899
Orange 1460.2453994750977 1009.7578543424606 493.12889099121094 138.0245339870453
Orange 1763.841347694397 967.5118312239647 311.89953804016113 222.50830829143524
Orange 1152.7008962631226 319.07023072242737 338.46522331237793 313.75115275382996
Orange 1727.4967288970947 743.3144795894623 321.2431526184082 294.5747208595276
Orange 786.7969465255737 192.80007675290108 286.5541362762451 126.59466236829758
