Orange 1092.000789642334 168.41538101434708 299.6246337890625 199.0970492362976
Orange 638.0561113357544 714.9871981143951 888.2003402709961 727.5949430465698
Orange 675.6374073028564 334.8707565665245 709.9832153320312 245.49250066280365
Orange 1087.8114795684814 978.2860153913498 330.113582611084 201.62494540214539
Orange 1439.344882965088 785.6973677873611 408.91490936279297 403.4847557544708
Orange 168.3960910141468 400.2621540427208 332.18204498291016 219.97606694698334
Orange 1154.1113805770874 319.74500477313995 336.7815685272217 315.18348455429077
Orange 1464.2620468139648 1009.1849103569984 494.7381591796875 139.71710979938507
Orange 1481.5914058685303 281.52874052524567 298.7153434753418 279.44072127342224
Orange 1767.3974561691284 967.4297958612442 304.9698543548584 223.1823742389679
Orange 1730.5950450897217 742.393913269043 318.39941024780273 293.53413105010986
Orange 788.8740921020508 191.54473453760147 282.4686813354492 122.14416146278381
Orange 114.94028182059992 304.4423881173134 229.8517942428589 112.12529003620148
