Orange 1264.0365171432495 827.1591585874557 463.49730491638184 470.2651298046112
Orange 986.6094446182251 311.47368371486664 372.0728015899658 337.7544343471527
Orange 348.30679311824497 721.323755979538 696.5887069702148 717.3524236679077
Orange 631.131477355957 237.8005287051201 330.07015228271484 252.67998933792114
Orange 959.5605182647705 151.93419501185417 319.98762130737305 222.75955617427826
Orange 1638.9068126678467 987.932223379612 414.7987174987793 181.1076718568802
Orange 365.0321674346924 362.42070972919464 730.0643348693848 316.29053950309753
Orange 1378.1130123138428 263.5046821832657 313.68078231811523 298.41704964637756
Orange 1616.1293077468872 763.8302564620972 353.41126441955566 330.81421852111816
Orange 992.7361750602722 980.9634903073311 139.64654445648193 196.1817079782486
Orange 1267.2833776474 548.427409529686 356.18639945983887 253.79180788993835
Orange 1456.1531496047974 485.04882752895355 325.34852027893066 292.8455650806427
Orange 970.4286861419678 543.0913612246513 303.79858016967773 268.31460177898407
Orange 1841.6217041015625 993.354620039463 156.756591796875 170.68426430225372
